# molla logit reference. Written by scripts/gen-logits.py.
# Every number below came out of llama.cpp reading this exact file.
oracle llama.cpp b10470 34af94cd9
backend default
name llama31-q4_k-capital
model Meta-Llama-3.1-8B-Instruct-Q4_K_M.gguf
bytes 4920739232
layers 32
width 4096
vocab 128256
prompt The capital of France is
tokens 128000 791 6864 315 9822 374
layer 0 6 0.271794 -0.0028 0.0007 0.0007 0.0114 0.0046 0.0097
layer 1 6 4.455202 -0.0022 -0.0122 0.0079 -0.0010 0.0057 0.0146
layer 2 6 -346.963623 0.0077 -0.0158 0.0058 -0.0244 -0.0136 0.0093
layer 3 6 -342.125946 -0.0049 0.0006 0.0207 0.0001 -0.0052 0.0030
layer 4 6 -339.283173 -0.0122 -0.0604 -0.0056 0.0414 -0.0022 0.0324
layer 5 6 -337.797974 -0.0171 -0.0478 0.0218 0.0755 0.0101 -0.0446
layer 6 6 -336.178223 0.0167 0.0433 0.0567 -0.0585 0.0130 -0.0450
layer 7 6 -317.824554 -0.0195 0.0578 0.0008 0.0530 -0.0585 -0.0703
layer 8 6 -336.619537 0.0285 0.1562 0.0105 0.0334 0.0247 -0.0799
layer 9 6 -332.301483 0.0425 0.0860 -0.0249 0.0629 -0.0340 -0.1328
layer 10 6 -321.033142 0.0568 0.0469 0.0373 0.1036 0.1035 -0.0591
layer 11 6 -322.657562 -0.0387 -0.0179 0.1027 0.0665 0.0878 -0.0709
layer 12 6 -326.481079 0.0041 -0.0332 0.1253 0.0823 0.1616 -0.0810
layer 13 6 -329.099731 0.0202 -0.0881 0.1958 0.1162 0.1538 -0.0469
layer 14 6 -342.349457 -0.0214 -0.0843 0.2303 0.1717 0.1959 0.0241
layer 15 6 -358.429413 -0.0974 0.0011 0.1782 0.2845 0.1943 0.0065
layer 16 6 -370.777405 -0.2073 -0.0598 0.1821 0.2602 0.2034 0.0440
layer 17 6 -399.714996 0.0078 -0.1836 0.2470 0.3920 0.0483 -0.1094
layer 18 6 -389.892029 0.0043 -0.1320 0.1795 0.3634 0.0089 -0.1626
layer 19 6 -402.976196 -0.0747 -0.0761 -0.0383 0.2807 0.3397 -0.0939
layer 20 6 -403.913635 -0.1327 -0.1019 0.0016 0.2475 0.5002 0.0176
layer 21 6 -389.126099 -0.2249 0.0197 0.0115 0.3470 0.4552 0.0196
layer 22 6 -408.985504 -0.1075 0.0098 0.1215 0.1874 0.4995 -0.0657
layer 23 6 -419.099030 -0.2430 0.2926 0.1308 -0.1017 0.3567 0.0539
layer 24 6 -439.072632 -0.2886 0.3206 0.1721 -0.2353 0.4392 -0.0880
layer 25 6 -465.404053 -0.3870 0.4997 0.1303 -0.0905 0.3852 -0.1636
layer 26 6 -515.707458 -0.4027 0.5992 0.1360 0.0015 0.5024 -0.1750
layer 27 6 -532.895325 -0.4096 0.4615 0.0937 0.1889 0.4077 -0.2791
layer 28 6 -564.551819 -0.4238 0.5057 0.2190 0.1412 0.3223 -0.3817
layer 29 6 -547.972351 -0.4323 0.3374 0.1133 -0.1153 0.3118 -0.3237
layer 30 6 -573.747986 -0.2135 -0.0399 -0.0343 -0.1192 0.4679 -0.4541
layer 31 6 -631.523682 -0.3261 -0.2132 0.1165 -0.3196 0.3696 -0.7624
layer 32 1 -35.158741 0.0856 -0.7344 -0.4926 -0.3609 -0.4454 -0.8437
layer 33 1 -91.710327 0.1854 -1.5396 -1.0935 -0.7616 -0.8178 -1.7110
top 12366 -1.532203
top 264 -1.563913
top 3967 -2.600340
top 279 -3.088859
top 2162 -3.129097
top 11495 -3.431400
top 3629 -3.591635
top 7559 -3.616159
top 539 -3.796863
top 1101 -3.825348
top 832 -4.032849
top 304 -4.075846
top 2663 -4.406536
top 2539 -4.756057
top 1694 -4.783922
top 11 -4.887356
top 459 -4.963451
top 1234 -5.063901
top 3794 -5.153782
top 10409 -5.237354
top 25051 -5.399660
top 13176 -5.424000
top 31183 -5.613228
top 19073 -5.621418
top 18255 -5.743807
top 389 -5.799448
top 743 -5.944568
top 6366 -5.997530
top 9293 -6.038410
top 37048 -6.058611
top 1664 -6.111788
top 1457 -6.128290
top 47397 -6.210570
top 9257 -6.262684
top 2744 -6.265925
top 7366 -6.266246
top 5131 -6.296463
top 51287 -6.297392
top 13118 -6.325123
top 922 -6.358259
top 39633 -6.406290
top 1405 -6.406895
top 23712 -6.451246
top 2133 -6.451853
top 1131 -6.476524
top 779 -6.481752
top 6646 -6.584370
top 912 -6.678440
top 20256 -6.717261
top 13160 -6.734190
top 520 -6.743415
top 8530 -6.758207
top 810 -6.822287
top 10223 -6.828213
top 311 -6.859806
top 2103 -6.867573
top 1455 -6.884432
top 2225 -6.887836
top 7086 -6.906803
top 5616 -6.946600
top 4737 -6.974298
top 1888 -6.976501
top 44081 -7.018244
top 73835 -7.082360
probe 0 -12.400223
probe 501 -17.598301
probe 1002 -21.624447
probe 1503 -22.458426
probe 2004 -15.498245
probe 2505 -19.845316
probe 3006 -21.756233
probe 3507 -14.566227
probe 4008 -21.497007
probe 4509 -13.074971
probe 5010 -19.193041
probe 5511 -22.771042
probe 6012 -18.473679
probe 6513 -21.676626
probe 7014 -18.398922
probe 7515 -14.672383
probe 8016 -21.973255
probe 8517 -11.990804
probe 9018 -25.699215
probe 9519 -21.248199
probe 10020 -20.983982
probe 10521 -16.123272
probe 11022 -17.288364
probe 11523 -15.887735
probe 12024 -20.279476
probe 12525 -18.726679
probe 13026 -18.537285
probe 13527 -15.009756
probe 14028 -17.433083
probe 14529 -15.022879
probe 15030 -17.708677
probe 15531 -22.588326
probe 16032 -19.576292
probe 16533 -19.991529
probe 17034 -20.930412
probe 17535 -16.664684
probe 18036 -13.899752
probe 18537 -17.975843
probe 19038 -21.397739
probe 19539 -19.784039
probe 20040 -20.538204
probe 20541 -22.543814
probe 21042 -19.693560
probe 21543 -19.370502
probe 22044 -20.361460
probe 22545 -20.841331
probe 23046 -17.780025
probe 23547 -19.740814
probe 24048 -20.699318
probe 24549 -17.117231
probe 25050 -20.267464
probe 25551 -15.216396
probe 26052 -21.923035
probe 26553 -21.383062
probe 27054 -21.375595
probe 27555 -12.529997
probe 28056 -19.408960
probe 28557 -20.187748
probe 29058 -20.241142
probe 29559 -15.804889
probe 30060 -21.063087
probe 30561 -21.474243
probe 31062 -22.395760
probe 31563 -21.475306
probe 32064 -23.131546
probe 32565 -16.254944
probe 33066 -20.068249
probe 33567 -19.694736
probe 34068 -19.786818
probe 34569 -20.373945
probe 35070 -15.120342
probe 35571 -20.993200
probe 36072 -15.211760
probe 36573 -17.045296
probe 37074 -22.703997
probe 37575 -22.038740
probe 38076 -20.815781
probe 38577 -16.099520
probe 39078 -20.631817
probe 39579 -18.597694
probe 40080 -19.800762
probe 40581 -20.675873
probe 41082 -19.157297
probe 41583 -23.596111
probe 42084 -17.877069
probe 42585 -18.011843
probe 43086 -16.214006
probe 43587 -22.225426
probe 44088 -17.382799
probe 44589 -15.422190
probe 45090 -13.911114
probe 45591 -21.840302
probe 46092 -17.318998
probe 46593 -20.954281
probe 47094 -18.234207
probe 47595 -18.485857
probe 48096 -19.584417
probe 48597 -16.380224
probe 49098 -12.983680
probe 49599 -22.359116
probe 50100 -15.119932
probe 50601 -13.637080
probe 51102 -19.616817
probe 51603 -22.073805
probe 52104 -18.042683
probe 52605 -14.816103
probe 53106 -22.097647
probe 53607 -19.545933
probe 54108 -12.955067
probe 54609 -23.302544
probe 55110 -21.710354
probe 55611 -20.741928
probe 56112 -20.025843
probe 56613 -19.981100
probe 57114 -19.762537
probe 57615 -20.105673
probe 58116 -20.990948
probe 58617 -20.491735
probe 59118 -22.643532
probe 59619 -21.846424
probe 60120 -18.405474
probe 60621 -22.932594
probe 61122 -17.773041
probe 61623 -21.488337
probe 62124 -19.836569
probe 62625 -19.435905
probe 63126 -23.134483
probe 63627 -22.420988
probe 64128 -21.297108
probe 64629 -21.682018
probe 65130 -22.269455
probe 65631 -20.626932
probe 66132 -20.640503
probe 66633 -21.214930
probe 67134 -21.287094
probe 67635 -21.260447
probe 68136 -21.646641
probe 68637 -20.121023
probe 69138 -20.706778
probe 69639 -17.344410
probe 70140 -22.643930
probe 70641 -21.729645
probe 71142 -23.009682
probe 71643 -19.470354
probe 72144 -20.610317
probe 72645 -18.560219
probe 73146 -22.637661
probe 73647 -22.581505
probe 74148 -19.727179
probe 74649 -13.880336
probe 75150 -16.448771
probe 75651 -16.519186
probe 76152 -22.325750
probe 76653 -14.233327
probe 77154 -21.317272
probe 77655 -20.754116
probe 78156 -18.590235
probe 78657 -20.295021
probe 79158 -15.855056
probe 79659 -17.951778
probe 80160 -21.366003
probe 80661 -21.013126
probe 81162 -22.072432
probe 81663 -18.878286
probe 82164 -21.221203
probe 82665 -20.762043
probe 83166 -21.464333
probe 83667 -20.353617
probe 84168 -19.650963
probe 84669 -20.054487
probe 85170 -17.257952
probe 85671 -20.766422
probe 86172 -18.910666
probe 86673 -21.415489
probe 87174 -20.762421
probe 87675 -21.704306
probe 88176 -19.332546
probe 88677 -19.265270
probe 89178 -17.505205
probe 89679 -20.023262
probe 90180 -20.862310
probe 90681 -22.519661
probe 91182 -18.398327
probe 91683 -22.420216
probe 92184 -22.440037
probe 92685 -11.846601
probe 93186 -21.239933
probe 93687 -22.942442
probe 94188 -22.865547
probe 94689 -21.205738
probe 95190 -21.255831
probe 95691 -20.354702
probe 96192 -21.658047
probe 96693 -20.533316
probe 97194 -21.016188
probe 97695 -19.838549
probe 98196 -19.923943
probe 98697 -19.233568
probe 99198 -19.077351
probe 99699 -25.129080
probe 100200 -22.752747
probe 100701 -21.904238
probe 101202 -20.889389
probe 101703 -18.429195
probe 102204 -22.196011
probe 102705 -24.689789
probe 103206 -22.291012
probe 103707 -22.112814
probe 104208 -23.125683
probe 104709 -21.553722
probe 105210 -19.835758
probe 105711 -20.986965
probe 106212 -22.703964
probe 106713 -21.038122
probe 107214 -21.273405
probe 107715 -21.903616
probe 108216 -22.211403
probe 108717 -22.567120
probe 109218 -22.040733
probe 109719 -18.910599
probe 110220 -22.880516
probe 110721 -21.995031
probe 111222 -18.870975
probe 111723 -20.737431
probe 112224 -20.101410
probe 112725 -21.029108
probe 113226 -19.368982
probe 113727 -20.988924
probe 114228 -23.555332
probe 114729 -20.792286
probe 115230 -21.146883
probe 115731 -22.591072
probe 116232 -19.368444
probe 116733 -21.986115
probe 117234 -20.363863
probe 117735 -21.418995
probe 118236 -22.889414
probe 118737 -22.182430
probe 119238 -22.120903
probe 119739 -22.311720
probe 120240 -25.427504
probe 120741 -20.846281
probe 121242 -19.957228
probe 121743 -20.502245
probe 122244 -20.618410
probe 122745 -21.578342
probe 123246 -21.845686
probe 123747 -19.793282
probe 124248 -22.310345
probe 124749 -23.053398
probe 125250 -22.744423
probe 125751 -22.416267
probe 126252 -23.197340
probe 126753 -21.852455
probe 127254 -26.175261
probe 127755 -22.683092
