# molla logit reference. Written by scripts/gen-logits.py.
# Every number below came out of llama.cpp reading this exact file.
oracle llama.cpp b10470 34af94cd9
backend default
name smollm2-q8_0-code
model SmolLM2-135M-Instruct-Q8_0.gguf
bytes 144811360
layers 30
width 576
vocab 49152
prompt def add(a, b): return
tokens 1604 803 24 81 28 278 727 1003
layer 0 8 0.374555 0.1164 -0.1609 0.0124 -0.0447 0.0726 -0.1061
layer 1 8 72.524635 -0.7351 -0.8181 1.0938 1.2999 1.0643 1.2399
layer 2 8 378.341217 -1.9165 -0.2122 1.2354 1.9677 0.6983 1.2645
layer 3 8 684.474304 -1.9948 -0.5555 3.4913 0.9428 -1.4568 1.3322
layer 4 8 653.349976 -2.8435 0.0406 4.0598 1.0877 -0.8330 0.4658
layer 5 8 583.471436 -2.2747 -0.8312 6.2217 0.8094 0.5364 2.2049
layer 6 8 584.605652 -3.0284 -1.0706 5.8570 -0.1950 0.0286 2.3806
layer 7 8 475.371033 -3.6371 -3.4175 7.3917 -0.1898 -2.2904 1.1982
layer 8 8 325.729645 -3.1623 -0.9305 6.5690 0.9021 -0.9860 2.4838
layer 9 8 218.811844 -4.5091 -1.1497 10.1471 6.2580 -0.8281 3.7462
layer 10 8 -151.754105 -6.4809 -3.5241 10.8485 5.4250 0.0639 4.5548
layer 11 8 -55.536877 -3.8393 -1.7013 11.5879 6.2006 -1.6654 1.4496
layer 12 8 24711.166016 -5.4557 -2.1162 12.4723 5.0891 -2.4703 -0.5816
layer 13 8 24573.058594 -5.9892 -4.8110 11.6581 5.6570 -2.0444 0.1301
layer 14 8 24411.599609 -5.2546 -3.5340 13.2299 4.6430 -3.4858 -1.0502
layer 15 8 24745.476562 -5.3574 0.3233 13.5182 5.6476 -1.2617 3.2211
layer 16 8 24506.113281 -6.4667 -3.1949 12.8875 5.3986 1.6284 3.0709
layer 17 8 24427.373047 -6.2363 -2.8429 11.7810 2.1824 -2.8229 5.8263
layer 18 8 24142.839844 -4.9895 -5.3303 11.0845 4.1732 -1.6230 4.6532
layer 19 8 24333.041016 -7.0744 -2.6075 10.2068 4.9423 -0.4253 4.6106
layer 20 8 23663.826172 -7.0264 0.0803 12.6727 -0.7770 0.4530 6.3529
layer 21 8 23534.013672 -7.3671 -0.4367 10.6064 3.2673 -0.3499 -1.4165
layer 22 8 23726.451172 -8.0843 0.6933 9.9002 7.0043 -4.1372 -4.4841
layer 23 8 24219.638672 -4.3996 -5.3444 12.9921 11.4308 -3.5226 -3.8359
layer 24 8 24616.841797 -5.4319 -7.6265 14.3956 11.7684 -2.9990 -12.1201
layer 25 8 26098.015625 3.5679 -7.4191 13.7774 16.0164 2.3518 -12.3260
layer 26 8 26856.617188 3.0967 -9.0629 13.3759 16.3193 0.5303 -12.2227
layer 27 8 26491.195312 6.0631 -12.5532 19.5604 10.3447 -5.6984 5.2550
layer 28 8 28376.808594 8.8865 -10.2730 10.7347 20.7171 -4.4570 2.6532
layer 29 8 12397.154297 9.6070 -15.5200 10.9741 19.3115 -3.4538 4.1535
layer 30 1 1407.202393 11.9092 -26.7259 13.0494 25.3917 7.0854 -20.7117
layer 31 1 21.310497 0.6606 -1.5352 0.7335 1.5086 0.4297 -1.2969
top 253 -0.235912
top 365 -3.407407
top 637 -3.432907
top 476 -3.454181
top 2028 -4.054435
top 933 -4.183740
top 278 -4.329401
top 803 -4.472589
top 7353 -5.079366
top 2822 -5.380224
top 871 -5.491679
top 216 -5.522439
top 1662 -5.943073
top 275 -6.126127
top 464 -6.500087
top 9583 -6.572897
top 265 -6.709083
top 1398 -6.740888
top 1232 -6.988327
top 731 -6.997189
top 1706 -7.050028
top 3635 -7.053871
top 2248 -7.131988
top 639 -7.429227
top 5841 -7.429962
top 2179 -7.432716
top 18048 -7.531582
top 14424 -7.573587
top 966 -7.645894
top 2076 -7.660798
top 22377 -7.671278
top 28640 -7.715719
top 725 -7.792000
top 1792 -7.833840
top 24635 -7.910019
top 24 -7.979520
top 6002 -8.102862
top 2719 -8.103021
top 28586 -8.238758
top 861 -8.249800
top 3858 -8.254348
top 6869 -8.296127
top 12565 -8.335155
top 1079 -8.410972
top 260 -8.420292
top 26432 -8.450456
top 932 -8.477889
top 330 -8.490937
top 1372 -8.511789
top 81 -8.542809
top 1672 -8.548770
top 4990 -8.551663
top 21743 -8.561179
top 262 -8.619302
top 5314 -8.653210
top 4928 -8.714910
top 6458 -8.719334
top 585 -8.848478
top 5419 -8.864960
top 14141 -8.878945
top 23 -8.882257
top 18 -8.903022
top 5561 -8.934094
top 23726 -8.981816
probe 0 -14.879046
probe 192 -24.003801
probe 384 -12.440634
probe 576 -21.555864
probe 768 -11.785371
probe 960 -23.124794
probe 1152 -17.286800
probe 1344 -21.589714
probe 1536 -21.994085
probe 1728 -19.060789
probe 1920 -18.059511
probe 2112 -18.867111
probe 2304 -16.539171
probe 2496 -18.703480
probe 2688 -15.118306
probe 2880 -22.047266
probe 3072 -22.490713
probe 3264 -16.369347
probe 3456 -15.278529
probe 3648 -18.100506
probe 3840 -10.112297
probe 4032 -14.571613
probe 4224 -23.166876
probe 4416 -20.093607
probe 4608 -22.637993
probe 4800 -19.455315
probe 4992 -17.870253
probe 5184 -19.476873
probe 5376 -21.936451
probe 5568 -24.373739
probe 5760 -19.736692
probe 5952 -15.750400
probe 6144 -19.534582
probe 6336 -23.157963
probe 6528 -17.873949
probe 6720 -17.944958
probe 6912 -22.231119
probe 7104 -24.162167
probe 7296 -20.889221
probe 7488 -16.292940
probe 7680 -17.637859
probe 7872 -21.272018
probe 8064 -18.885397
probe 8256 -20.973631
probe 8448 -17.995735
probe 8640 -23.455486
probe 8832 -18.018162
probe 9024 -22.653337
probe 9216 -19.954494
probe 9408 -22.619312
probe 9600 -22.010874
probe 9792 -23.239517
probe 9984 -21.373262
probe 10176 -23.348850
probe 10368 -34.160892
probe 10560 -15.564649
probe 10752 -20.109762
probe 10944 -20.786140
probe 11136 -19.321869
probe 11328 -21.175131
probe 11520 -22.330587
probe 11712 -18.732176
probe 11904 -19.233404
probe 12096 -20.021673
probe 12288 -18.787086
probe 12480 -19.166481
probe 12672 -24.335913
probe 12864 -18.259356
probe 13056 -22.459522
probe 13248 -21.719931
probe 13440 -18.474791
probe 13632 -17.864361
probe 13824 -10.172454
probe 14016 -20.456303
probe 14208 -21.037407
probe 14400 -18.822634
probe 14592 -21.902454
probe 14784 -21.954300
probe 14976 -21.927299
probe 15168 -17.605644
probe 15360 -20.905991
probe 15552 -21.729174
probe 15744 -19.288624
probe 15936 -17.944315
probe 16128 -17.672009
probe 16320 -21.409224
probe 16512 -25.763622
probe 16704 -19.895393
probe 16896 -25.175198
probe 17088 -21.079742
probe 17280 -19.056437
probe 17472 -20.787607
probe 17664 -23.463661
probe 17856 -16.350319
probe 18048 -7.531582
probe 18240 -21.346252
probe 18432 -23.604788
probe 18624 -24.384031
probe 18816 -20.797264
probe 19008 -21.759134
probe 19200 -26.746336
probe 19392 -21.709587
probe 19584 -19.004000
probe 19776 -24.630144
probe 19968 -25.890337
probe 20160 -21.634382
probe 20352 -17.218061
probe 20544 -24.583969
probe 20736 -20.913658
probe 20928 -24.238396
probe 21120 -21.057501
probe 21312 -28.185322
probe 21504 -18.061756
probe 21696 -20.560537
probe 21888 -22.787502
probe 22080 -21.834229
probe 22272 -18.628149
probe 22464 -21.867624
probe 22656 -19.478981
probe 22848 -20.399679
probe 23040 -21.245735
probe 23232 -21.537849
probe 23424 -18.554747
probe 23616 -21.849525
probe 23808 -20.956751
probe 24000 -22.770874
probe 24192 -20.358444
probe 24384 -22.628462
probe 24576 -18.767403
probe 24768 -25.533068
probe 24960 -21.477951
probe 25152 -23.309406
probe 25344 -23.879238
probe 25536 -24.417309
probe 25728 -26.600826
probe 25920 -21.149076
probe 26112 -18.796740
probe 26304 -21.230879
probe 26496 -23.879696
probe 26688 -18.510792
probe 26880 -21.295176
probe 27072 -24.929037
probe 27264 -21.217035
probe 27456 -20.754416
probe 27648 -20.002275
probe 27840 -21.525461
probe 28032 -21.650585
probe 28224 -19.294395
probe 28416 -22.041039
probe 28608 -22.689383
probe 28800 -21.228516
probe 28992 -20.799263
probe 29184 -21.139713
probe 29376 -19.990147
probe 29568 -24.053608
probe 29760 -24.006405
probe 29952 -28.577520
probe 30144 -26.649950
probe 30336 -21.602867
probe 30528 -23.831692
probe 30720 -24.619673
probe 30912 -22.701715
probe 31104 -28.838512
probe 31296 -22.269728
probe 31488 -24.204693
probe 31680 -15.886897
probe 31872 -20.627676
probe 32064 -23.340870
probe 32256 -19.183113
probe 32448 -23.392508
probe 32640 -18.380251
probe 32832 -20.572853
probe 33024 -20.553286
probe 33216 -21.677891
probe 33408 -19.109192
probe 33600 -22.899366
probe 33792 -22.319271
probe 33984 -18.377131
probe 34176 -22.454187
probe 34368 -21.515732
probe 34560 -16.829485
probe 34752 -25.366919
probe 34944 -22.271448
probe 35136 -20.912006
probe 35328 -21.198551
probe 35520 -27.619884
probe 35712 -16.728359
probe 35904 -21.864391
probe 36096 -20.210526
probe 36288 -21.416805
probe 36480 -23.432858
probe 36672 -24.188828
probe 36864 -23.154234
probe 37056 -22.110210
probe 37248 -21.309784
probe 37440 -27.205467
probe 37632 -23.326424
probe 37824 -24.215368
probe 38016 -26.052288
probe 38208 -23.342968
probe 38400 -16.807566
probe 38592 -22.251156
probe 38784 -20.513079
probe 38976 -20.910336
probe 39168 -22.188484
probe 39360 -22.191355
probe 39552 -26.625515
probe 39744 -25.122337
probe 39936 -19.359423
probe 40128 -22.504715
probe 40320 -22.336073
probe 40512 -21.970007
probe 40704 -20.099674
probe 40896 -19.345015
probe 41088 -22.882780
probe 41280 -18.857710
probe 41472 -22.047771
probe 41664 -23.975819
probe 41856 -15.365921
probe 42048 -24.891962
probe 42240 -25.067284
probe 42432 -18.039417
probe 42624 -24.606543
probe 42816 -19.248367
probe 43008 -22.846699
probe 43200 -22.203995
probe 43392 -25.479235
probe 43584 -19.071623
probe 43776 -24.386408
probe 43968 -23.244459
probe 44160 -19.612921
probe 44352 -19.763325
probe 44544 -20.988220
probe 44736 -21.015434
probe 44928 -23.752594
probe 45120 -23.228750
probe 45312 -25.163610
probe 45504 -17.926050
probe 45696 -21.651958
probe 45888 -26.795153
probe 46080 -22.248764
probe 46272 -22.869699
probe 46464 -21.339853
probe 46656 -21.984638
probe 46848 -21.913097
probe 47040 -24.873306
probe 47232 -21.517662
probe 47424 -23.705875
probe 47616 -23.520149
probe 47808 -19.881363
probe 48000 -24.464075
probe 48192 -24.280504
probe 48384 -22.796879
probe 48576 -20.091496
probe 48768 -19.311184
probe 48960 -20.608776
