# molla logit reference. Written by scripts/gen-logits.py.
# Every number below came out of llama.cpp reading this exact file.
oracle llama.cpp b10470 34af94cd9
backend default
name smollm2-q8_0-capital
model SmolLM2-135M-Instruct-Q8_0.gguf
bytes 144811360
layers 30
width 576
vocab 49152
prompt The capital of France is
tokens 504 3575 282 4649 314
layer 0 5 -7.908967 -0.0578 0.0116 -0.0665 0.1433 0.0973 -0.0447
layer 1 5 -64.635933 2.0362 -0.7005 -0.9185 -0.2592 -0.4542 0.0161
layer 2 5 56.165379 2.1503 0.6779 -1.9442 -0.0910 -0.7424 0.0201
layer 3 5 392.839111 1.8972 0.8540 -1.8544 -0.0585 -1.6413 0.8514
layer 4 5 400.811676 2.1420 -0.2710 -2.5206 0.6870 -2.1311 -0.5552
layer 5 5 436.942047 1.6343 -0.6188 -2.5385 1.2459 -3.1424 -0.9117
layer 6 5 354.873260 2.5243 -0.5983 -2.4227 0.1165 -2.6261 0.4073
layer 7 5 279.697235 2.7197 -0.1887 -2.2938 0.0949 -2.8063 -0.2011
layer 8 5 183.811508 2.6599 -0.7005 -2.9071 -0.8672 -2.0482 -0.9753
layer 9 5 48.595070 2.9076 -0.1861 -3.8548 -0.0466 -2.6226 -0.9050
layer 10 5 -162.274933 3.9674 -0.4457 -4.0684 -0.8428 -3.2577 -1.3650
layer 11 5 -149.292999 4.8156 0.7342 -3.8531 -0.7110 -1.9534 -1.0718
layer 12 5 25309.750000 5.0508 -0.0437 -6.0543 1.7819 0.4157 -0.3365
layer 13 5 25284.220703 4.8062 -1.7748 -9.5644 2.4232 0.1564 -1.5318
layer 14 5 25304.261719 5.1987 -1.2638 -9.3043 2.7386 -1.6789 -1.4877
layer 15 5 25323.818359 4.4824 -4.8676 -9.9567 6.0622 1.3642 -1.0510
layer 16 5 25350.011719 5.4688 -3.5308 -9.5780 6.0451 1.0649 -0.8787
layer 17 5 25388.378906 4.4851 -1.9593 -9.0847 5.9337 -2.2005 -1.7475
layer 18 5 25203.507812 5.7942 -2.4614 -9.0007 6.8197 -2.8181 -0.9581
layer 19 5 25340.218750 6.3965 -3.3148 -10.3904 5.5393 -2.3511 -0.7779
layer 20 5 25261.244141 6.2112 -3.4042 -9.7667 4.3436 0.4202 1.6650
layer 21 5 25154.869141 4.0771 -4.9375 -9.4749 3.9658 -0.3102 4.7581
layer 22 5 25306.519531 1.5377 -9.9581 -10.5216 1.5211 -3.6798 8.0281
layer 23 5 26044.734375 -1.5835 -12.7335 -9.1714 -0.8352 -4.0496 9.8729
layer 24 5 25842.673828 -5.2725 -22.9730 -9.6400 -1.4303 -9.2618 10.4925
layer 25 5 26819.021484 -5.9364 -26.6499 -5.1449 5.0670 -2.6456 13.9593
layer 26 5 27083.812500 -9.8698 -26.5993 -7.5884 -1.5218 3.3793 14.7581
layer 27 5 27658.441406 -3.4566 -34.0689 -8.3265 -4.1258 2.1633 15.1869
layer 28 5 28717.150391 -10.5816 -38.5883 -5.0682 -10.8090 -7.4468 16.7947
layer 29 5 14462.270508 1.7887 -36.9609 -3.8715 -11.7195 -2.4493 16.0306
layer 30 1 1287.005371 -1.7236 -26.9934 -9.7467 -10.3080 -8.0044 -12.6124
layer 31 1 59.638783 -0.1127 -1.8285 -0.6461 -0.7222 -0.5725 -0.9314
top 7042 -0.761853
top 260 -1.331223
top 3807 -2.405672
top 1217 -4.182934
top 2250 -4.272187
top 253 -4.710706
top 13010 -4.939034
top 1343 -5.024274
top 5145 -5.226081
top 3692 -5.394903
top 625 -5.439662
top 441 -5.440911
top 10757 -5.646405
top 4206 -5.766176
top 37628 -5.872803
top 15342 -5.893885
top 678 -5.929200
top 597 -5.983501
top 5549 -6.003870
top 1280 -6.085167
top 6483 -6.212643
top 216 -6.225284
top 1129 -6.386786
top 3365 -6.440638
top 3431 -6.446613
top 450 -6.507522
top 3178 -6.694855
top 34826 -6.767299
top 414 -6.787400
top 378 -6.794219
top 198 -6.800716
top 942 -6.828450
top 36702 -6.861672
top 476 -6.905449
top 28 -6.915193
top 3575 -6.927596
top 426 -6.967135
top 281 -6.987908
top 1315 -7.027558
top 1036 -7.085242
top 38034 -7.086398
top 10000 -7.137917
top 6392 -7.185858
top 5991 -7.205400
top 418 -7.261797
top 6660 -7.359704
top 2473 -7.415390
top 933 -7.443065
top 3408 -7.458876
top 5763 -7.464401
top 389 -7.470415
top 7709 -7.512949
top 4528 -7.534789
top 1268 -7.545407
top 1062 -7.570529
top 340 -7.622328
top 312 -7.677818
top 2026 -7.681178
top 2221 -7.696132
top 9543 -7.699771
top 4649 -7.715563
top 2007 -7.716807
top 6912 -7.720069
top 27713 -7.720341
probe 0 -14.538881
probe 192 -22.658594
probe 384 -13.962646
probe 576 -21.997236
probe 768 -12.205866
probe 960 -20.822968
probe 1152 -17.436062
probe 1344 -19.822254
probe 1536 -19.509521
probe 1728 -18.530655
probe 1920 -19.560701
probe 2112 -16.245550
probe 2304 -12.618211
probe 2496 -17.681431
probe 2688 -14.431740
probe 2880 -19.020929
probe 3072 -25.360779
probe 3264 -14.128502
probe 3456 -17.032566
probe 3648 -23.683334
probe 3840 -20.207954
probe 4032 -20.217665
probe 4224 -21.848478
probe 4416 -20.231079
probe 4608 -15.773438
probe 4800 -24.142134
probe 4992 -19.195724
probe 5184 -15.258583
probe 5376 -15.896559
probe 5568 -16.657747
probe 5760 -16.048897
probe 5952 -19.109976
probe 6144 -19.265739
probe 6336 -23.852093
probe 6528 -15.449398
probe 6720 -17.661285
probe 6912 -7.720069
probe 7104 -16.952555
probe 7296 -12.341789
probe 7488 -16.623234
probe 7680 -16.141756
probe 7872 -20.500664
probe 8064 -16.012756
probe 8256 -30.340538
probe 8448 -22.691605
probe 8640 -20.715471
probe 8832 -21.278591
probe 9024 -18.491781
probe 9216 -16.472002
probe 9408 -17.684168
probe 9600 -23.345333
probe 9792 -20.384804
probe 9984 -16.276224
probe 10176 -13.758714
probe 10368 -22.932350
probe 10560 -16.123659
probe 10752 -16.822947
probe 10944 -19.457117
probe 11136 -20.917095
probe 11328 -15.599088
probe 11520 -19.463474
probe 11712 -16.425436
probe 11904 -16.253675
probe 12096 -20.031269
probe 12288 -14.658281
probe 12480 -19.230387
probe 12672 -27.598194
probe 12864 -29.842297
probe 13056 -20.733099
probe 13248 -23.358709
probe 13440 -18.051067
probe 13632 -18.959040
probe 13824 -13.886816
probe 14016 -16.971832
probe 14208 -20.419018
probe 14400 -16.147173
probe 14592 -19.489344
probe 14784 -18.220461
probe 14976 -12.140394
probe 15168 -15.896415
probe 15360 -16.173204
probe 15552 -15.096703
probe 15744 -18.929138
probe 15936 -16.733515
probe 16128 -18.204956
probe 16320 -12.822273
probe 16512 -20.398897
probe 16704 -18.033895
probe 16896 -20.021502
probe 17088 -21.485409
probe 17280 -16.066153
probe 17472 -18.634001
probe 17664 -19.234953
probe 17856 -22.640749
probe 18048 -20.104195
probe 18240 -22.770584
probe 18432 -24.910206
probe 18624 -19.794846
probe 18816 -17.157318
probe 19008 -19.400486
probe 19200 -17.879524
probe 19392 -25.177887
probe 19584 -21.234232
probe 19776 -20.888618
probe 19968 -16.310263
probe 20160 -22.581720
probe 20352 -23.808691
probe 20544 -18.983356
probe 20736 -24.258724
probe 20928 -19.547716
probe 21120 -20.800268
probe 21312 -17.686457
probe 21504 -25.636425
probe 21696 -18.218676
probe 21888 -20.772776
probe 22080 -15.757529
probe 22272 -22.217308
probe 22464 -25.279827
probe 22656 -19.904255
probe 22848 -14.805079
probe 23040 -14.417878
probe 23232 -27.490147
probe 23424 -14.734897
probe 23616 -18.441076
probe 23808 -14.151273
probe 24000 -15.297728
probe 24192 -27.089306
probe 24384 -22.060604
probe 24576 -19.785172
probe 24768 -26.022774
probe 24960 -21.817570
probe 25152 -17.807724
probe 25344 -13.497737
probe 25536 -25.223444
probe 25728 -22.859974
probe 25920 -22.117853
probe 26112 -21.349312
probe 26304 -22.485672
probe 26496 -20.515984
probe 26688 -18.192326
probe 26880 -23.170925
probe 27072 -29.609547
probe 27264 -19.308508
probe 27456 -13.509974
probe 27648 -15.872389
probe 27840 -22.315872
probe 28032 -22.981869
probe 28224 -24.099636
probe 28416 -16.485594
probe 28608 -16.424143
probe 28800 -22.382114
probe 28992 -19.420593
probe 29184 -20.432003
probe 29376 -23.290031
probe 29568 -24.497061
probe 29760 -20.238953
probe 29952 -22.920681
probe 30144 -22.495396
probe 30336 -21.462555
probe 30528 -16.998871
probe 30720 -26.054737
probe 30912 -20.856724
probe 31104 -24.010271
probe 31296 -20.055162
probe 31488 -18.003155
probe 31680 -21.607557
probe 31872 -19.593338
probe 32064 -19.967451
probe 32256 -24.731474
probe 32448 -20.406708
probe 32640 -24.092203
probe 32832 -23.707317
probe 33024 -16.194126
probe 33216 -14.883632
probe 33408 -23.945127
probe 33600 -20.456036
probe 33792 -18.354818
probe 33984 -18.314529
probe 34176 -27.682791
probe 34368 -22.409924
probe 34560 -20.585270
probe 34752 -22.693037
probe 34944 -19.380592
probe 35136 -17.470858
probe 35328 -22.130077
probe 35520 -23.804583
probe 35712 -14.901806
probe 35904 -18.620184
probe 36096 -14.270893
probe 36288 -27.871346
probe 36480 -19.253696
probe 36672 -19.314798
probe 36864 -20.344536
probe 37056 -22.197672
probe 37248 -17.768097
probe 37440 -27.841270
probe 37632 -21.758930
probe 37824 -19.054604
probe 38016 -23.055408
probe 38208 -20.487904
probe 38400 -18.734617
probe 38592 -22.993330
probe 38784 -18.051115
probe 38976 -22.211208
probe 39168 -18.282169
probe 39360 -17.996740
probe 39552 -23.032467
probe 39744 -21.242823
probe 39936 -23.098469
probe 40128 -25.563532
probe 40320 -28.528736
probe 40512 -16.804043
probe 40704 -18.694355
probe 40896 -21.855400
probe 41088 -22.079750
probe 41280 -21.196373
probe 41472 -14.352985
probe 41664 -24.874966
probe 41856 -22.026880
probe 42048 -20.753546
probe 42240 -23.737083
probe 42432 -20.374550
probe 42624 -20.723459
probe 42816 -21.939102
probe 43008 -20.878613
probe 43200 -22.801317
probe 43392 -17.356516
probe 43584 -16.319813
probe 43776 -22.908447
probe 43968 -19.626432
probe 44160 -17.555101
probe 44352 -23.781792
probe 44544 -20.658895
probe 44736 -19.837589
probe 44928 -21.890051
probe 45120 -13.478503
probe 45312 -22.552223
probe 45504 -13.348290
probe 45696 -25.757074
probe 45888 -23.913975
probe 46080 -25.998230
probe 46272 -22.753799
probe 46464 -18.505402
probe 46656 -22.695164
probe 46848 -19.455467
probe 47040 -20.848877
probe 47232 -26.767351
probe 47424 -23.599892
probe 47616 -22.080170
probe 47808 -25.040638
probe 48000 -25.604647
probe 48192 -23.853718
probe 48384 -16.979158
probe 48576 -22.386511
probe 48768 -22.773123
probe 48960 -23.716438
