# molla logit reference. Written by scripts/gen-logits.py.
# Every number below came out of llama.cpp reading this exact file.
oracle llama.cpp b10470 34af94cd9
backend default
name smollm2-q5_0-capital
model SmolLM2-135M-Instruct-Q8_0-q5_0.gguf
bytes 94381408
layers 30
width 576
vocab 49152
prompt The capital of France is
tokens 504 3575 282 4649 314
layer 0 5 -8.079651 -0.0688 0.0229 -0.0688 0.1461 0.0939 -0.0417
layer 1 5 -62.545788 1.9819 -0.6912 -0.9810 -0.2046 -0.5047 0.0171
layer 2 5 37.187531 2.2283 0.7769 -2.1122 -0.0771 -0.8656 -0.0263
layer 3 5 386.254578 1.8405 0.9996 -1.8693 0.0321 -1.7057 0.8259
layer 4 5 401.363007 2.0634 -0.2075 -2.4423 0.5592 -2.1234 -0.5981
layer 5 5 457.117737 1.4224 -0.6816 -2.8268 0.9884 -3.2037 -1.0063
layer 6 5 366.857178 2.3256 -0.7308 -2.5123 0.1904 -2.5621 0.4226
layer 7 5 299.294556 2.6588 -0.3319 -2.2832 0.1422 -2.7077 -0.1068
layer 8 5 210.134827 2.5180 -0.8497 -2.8963 -0.9599 -1.9771 -1.3099
layer 9 5 51.817924 2.9563 -0.5691 -3.8234 -0.1783 -2.7072 -1.0521
layer 10 5 -146.918640 3.8874 -0.6203 -4.2000 -0.9443 -3.4254 -1.4624
layer 11 5 -112.570473 4.7900 0.8757 -3.5231 -0.6995 -2.1345 -1.5417
layer 12 5 24901.230469 5.0422 0.4078 -6.1080 1.9874 0.3784 -0.4442
layer 13 5 24888.978516 4.8539 -1.2462 -9.7482 2.7085 0.3032 -1.5477
layer 14 5 24910.689453 5.2457 -0.8547 -9.6924 2.2141 -1.1223 -1.6416
layer 15 5 24957.509766 4.5874 -4.1026 -10.3748 5.0941 1.5099 -1.5186
layer 16 5 25007.343750 5.7841 -3.1548 -9.4919 4.9536 0.8401 -1.1173
layer 17 5 25027.962891 4.8799 -2.4260 -8.7193 5.2153 -2.5077 -2.0971
layer 18 5 24821.748047 5.8773 -2.6686 -8.8453 6.3399 -3.4088 -1.7171
layer 19 5 24999.539062 6.5034 -2.6439 -10.0332 4.7940 -3.2303 -1.7805
layer 20 5 24906.697266 6.6265 -2.2742 -9.7604 3.2347 -0.2929 0.4039
layer 21 5 24723.199219 4.4693 -3.1701 -9.4552 2.2358 -1.4995 3.7628
layer 22 5 24828.193359 2.5853 -8.3214 -10.6604 -0.2487 -3.9031 5.7048
layer 23 5 25601.705078 -0.1423 -11.6100 -8.6511 -2.5175 -4.7988 8.0982
layer 24 5 25437.181641 -3.3812 -21.0031 -9.7689 -3.1245 -8.1213 8.0778
layer 25 5 26454.310547 -4.7357 -25.0415 -5.1911 3.1238 -2.0242 10.9018
layer 26 5 26743.558594 -7.5970 -25.0837 -6.4273 -3.9089 3.2573 12.5220
layer 27 5 27319.623047 -2.2624 -31.1870 -7.3868 -7.2152 0.7071 12.2107
layer 28 5 28070.478516 -10.0486 -33.1097 -6.5863 -10.8102 -9.7409 12.7893
layer 29 5 13492.009766 0.2596 -32.1386 -4.9945 -13.4879 -6.1220 11.6554
layer 30 1 1415.502197 -6.0297 -23.8141 -7.6998 -9.8140 -12.0574 -13.6603
layer 31 1 63.762260 -0.3901 -1.5953 -0.5047 -0.6800 -0.8528 -0.9975
top 7042 -0.596446
top 3807 -1.765880
top 260 -2.676368
top 13010 -4.239100
top 1217 -4.321212
top 281 -4.364717
top 2250 -4.828800
top 253 -4.916193
top 10757 -4.947551
top 3692 -4.996429
top 1343 -5.112439
top 597 -5.260388
top 37628 -5.382615
top 5145 -5.563459
top 1129 -5.624708
top 625 -5.670446
top 6483 -5.689714
top 4206 -5.737917
top 3365 -5.837974
top 216 -5.930720
top 38034 -5.969446
top 1036 -5.982624
top 3431 -6.082687
top 36702 -6.093751
top 418 -6.127851
top 5549 -6.208774
top 10000 -6.355670
top 34826 -6.395811
top 15342 -6.401807
top 476 -6.429174
top 441 -6.556756
top 678 -6.821404
top 1315 -6.913513
top 450 -7.011359
top 3178 -7.019421
top 2007 -7.034255
top 2500 -7.035601
top 942 -7.047792
top 1280 -7.085144
top 5991 -7.095481
top 28 -7.177737
top 4112 -7.181308
top 6392 -7.194817
top 2473 -7.202067
top 4528 -7.230028
top 422 -7.258190
top 3408 -7.280478
top 2837 -7.418746
top 45927 -7.427360
top 19458 -7.431162
top 837 -7.511804
top 312 -7.524945
top 27713 -7.559248
top 389 -7.570242
top 656 -7.573232
top 6912 -7.577906
top 827 -7.586450
top 426 -7.616811
top 6660 -7.625714
top 23731 -7.646087
top 414 -7.665870
top 2581 -7.678094
top 1268 -7.680458
top 7709 -7.703949
probe 0 -14.251136
probe 192 -23.548046
probe 384 -11.998973
probe 576 -21.282179
probe 768 -11.789113
probe 960 -21.249584
probe 1152 -16.513336
probe 1344 -19.373285
probe 1536 -19.225172
probe 1728 -18.035107
probe 1920 -19.788616
probe 2112 -15.993077
probe 2304 -12.236366
probe 2496 -18.204107
probe 2688 -13.644895
probe 2880 -17.563745
probe 3072 -25.257271
probe 3264 -13.392735
probe 3456 -17.519768
probe 3648 -22.217125
probe 3840 -18.622858
probe 4032 -20.273914
probe 4224 -19.613811
probe 4416 -19.668818
probe 4608 -14.913651
probe 4800 -23.113750
probe 4992 -18.616590
probe 5184 -15.133689
probe 5376 -15.278181
probe 5568 -15.617802
probe 5760 -15.536819
probe 5952 -18.323744
probe 6144 -19.155952
probe 6336 -22.967495
probe 6528 -15.390359
probe 6720 -18.354994
probe 6912 -7.577906
probe 7104 -16.085968
probe 7296 -12.321637
probe 7488 -16.162390
probe 7680 -16.321774
probe 7872 -20.700384
probe 8064 -15.479218
probe 8256 -28.343845
probe 8448 -21.782251
probe 8640 -19.783398
probe 8832 -20.220535
probe 9024 -18.342360
probe 9216 -15.940660
probe 9408 -17.311682
probe 9600 -21.485294
probe 9792 -19.013348
probe 9984 -16.043957
probe 10176 -13.005845
probe 10368 -22.830215
probe 10560 -16.342237
probe 10752 -16.565401
probe 10944 -18.938198
probe 11136 -19.941973
probe 11328 -15.573065
probe 11520 -18.506996
probe 11712 -15.815844
probe 11904 -14.611673
probe 12096 -20.604176
probe 12288 -14.110002
probe 12480 -19.123823
probe 12672 -26.289543
probe 12864 -29.165442
probe 13056 -20.788910
probe 13248 -22.687983
probe 13440 -16.528400
probe 13632 -17.567194
probe 13824 -13.084004
probe 14016 -16.272692
probe 14208 -19.969368
probe 14400 -17.506050
probe 14592 -19.800652
probe 14784 -17.437071
probe 14976 -11.153325
probe 15168 -15.931225
probe 15360 -14.993911
probe 15552 -14.914612
probe 15744 -18.148273
probe 15936 -16.020071
probe 16128 -18.182659
probe 16320 -12.711905
probe 16512 -20.035503
probe 16704 -16.719942
probe 16896 -19.719095
probe 17088 -21.562765
probe 17280 -16.559126
probe 17472 -18.013844
probe 17664 -17.803120
probe 17856 -22.501266
probe 18048 -19.676891
probe 18240 -21.471252
probe 18432 -25.601843
probe 18624 -18.010351
probe 18816 -16.431831
probe 19008 -17.927994
probe 19200 -18.997538
probe 19392 -23.913193
probe 19584 -21.204285
probe 19776 -19.525419
probe 19968 -16.664167
probe 20160 -22.379654
probe 20352 -23.022278
probe 20544 -17.693447
probe 20736 -23.723186
probe 20928 -19.513588
probe 21120 -19.853750
probe 21312 -18.434494
probe 21504 -26.116497
probe 21696 -17.957298
probe 21888 -20.779911
probe 22080 -14.419050
probe 22272 -21.601437
probe 22464 -24.079300
probe 22656 -19.590231
probe 22848 -15.437038
probe 23040 -13.604835
probe 23232 -26.927856
probe 23424 -14.413333
probe 23616 -16.137720
probe 23808 -13.092465
probe 24000 -15.228086
probe 24192 -26.036366
probe 24384 -21.698307
probe 24576 -18.433207
probe 24768 -24.670898
probe 24960 -20.913105
probe 25152 -17.301870
probe 25344 -12.350545
probe 25536 -24.698303
probe 25728 -21.245966
probe 25920 -20.950867
probe 26112 -19.506165
probe 26304 -22.061703
probe 26496 -20.549616
probe 26688 -18.914213
probe 26880 -21.492498
probe 27072 -27.515099
probe 27264 -19.712542
probe 27456 -14.202052
probe 27648 -16.116331
probe 27840 -21.755499
probe 28032 -21.765276
probe 28224 -23.417393
probe 28416 -15.844384
probe 28608 -16.284662
probe 28800 -21.187935
probe 28992 -18.072910
probe 29184 -20.431534
probe 29376 -22.469168
probe 29568 -23.832586
probe 29760 -18.716002
probe 29952 -22.810652
probe 30144 -20.945923
probe 30336 -19.885481
probe 30528 -15.866148
probe 30720 -24.037464
probe 30912 -20.049015
probe 31104 -22.061939
probe 31296 -19.137428
probe 31488 -17.317158
probe 31680 -20.145531
probe 31872 -18.361660
probe 32064 -19.255278
probe 32256 -23.016743
probe 32448 -18.558964
probe 32640 -22.911865
probe 32832 -24.434872
probe 33024 -16.123262
probe 33216 -14.541876
probe 33408 -22.318863
probe 33600 -18.807062
probe 33792 -18.638062
probe 33984 -18.506912
probe 34176 -27.083206
probe 34368 -22.494843
probe 34560 -20.805212
probe 34752 -22.471794
probe 34944 -18.917521
probe 35136 -15.392240
probe 35328 -21.699192
probe 35520 -20.468229
probe 35712 -15.640531
probe 35904 -17.686096
probe 36096 -12.667017
probe 36288 -26.922482
probe 36480 -17.658617
probe 36672 -19.795382
probe 36864 -19.234787
probe 37056 -21.446203
probe 37248 -16.851484
probe 37440 -26.761517
probe 37632 -21.583742
probe 37824 -17.648123
probe 38016 -21.838078
probe 38208 -19.804691
probe 38400 -18.766397
probe 38592 -21.690294
probe 38784 -15.619053
probe 38976 -21.097719
probe 39168 -18.204473
probe 39360 -17.796141
probe 39552 -23.212423
probe 39744 -21.373871
probe 39936 -23.760571
probe 40128 -25.040392
probe 40320 -28.172993
probe 40512 -17.134367
probe 40704 -17.986309
probe 40896 -20.315163
probe 41088 -21.362707
probe 41280 -19.899401
probe 41472 -13.516721
probe 41664 -24.148098
probe 41856 -21.606764
probe 42048 -18.406473
probe 42240 -22.749016
probe 42432 -19.840178
probe 42624 -20.351164
probe 42816 -20.344627
probe 43008 -21.542809
probe 43200 -21.398006
probe 43392 -16.689659
probe 43584 -15.814219
probe 43776 -22.291859
probe 43968 -18.434752
probe 44160 -17.020931
probe 44352 -23.643913
probe 44544 -19.981867
probe 44736 -18.105282
probe 44928 -21.040359
probe 45120 -12.922448
probe 45312 -21.512753
probe 45504 -12.293243
probe 45696 -25.957003
probe 45888 -24.546518
probe 46080 -24.146589
probe 46272 -20.434998
probe 46464 -17.336922
probe 46656 -21.929739
probe 46848 -17.582136
probe 47040 -22.139957
probe 47232 -25.202728
probe 47424 -22.124599
probe 47616 -20.327744
probe 47808 -23.623207
probe 48000 -25.465256
probe 48192 -22.255447
probe 48384 -15.764371
probe 48576 -22.156757
probe 48768 -21.704391
probe 48960 -23.625134
