# molla logit reference. Written by scripts/gen-logits.py.
# Every number below came out of llama.cpp reading this exact file.
oracle llama.cpp b10470 34af94cd9
backend default
name smollm2-q4_1-capital
model SmolLM2-135M-Instruct-Q8_0-q4_1.gguf
bytes 85976416
layers 30
width 576
vocab 49152
prompt The capital of France is
tokens 504 3575 282 4649 314
layer 0 5 -7.863663 -0.0588 0.0182 -0.0588 0.1434 0.1020 -0.0428
layer 1 5 -61.859692 2.1597 -0.7807 -1.1955 -0.2014 -0.3855 -0.0708
layer 2 5 83.541092 2.0740 0.5355 -2.2335 0.2445 -0.7007 -0.0324
layer 3 5 391.745453 1.8117 0.8070 -2.1940 0.2140 -1.3170 1.0130
layer 4 5 358.050842 2.1348 -0.5863 -2.9764 0.7849 -2.0053 -1.0552
layer 5 5 415.715790 1.8016 -1.3142 -3.1684 1.3396 -4.0902 -1.1541
layer 6 5 345.981201 2.9403 -0.9936 -3.0783 0.1319 -3.1715 0.1567
layer 7 5 285.020264 2.9801 -0.6570 -2.9580 -0.1010 -3.0984 -0.7915
layer 8 5 170.857025 2.8407 -1.1713 -3.3931 -0.7854 -2.4828 -1.8507
layer 9 5 26.349289 3.5933 -0.4004 -3.9031 -0.1120 -2.8680 -1.2878
layer 10 5 -243.136703 4.6606 -0.2087 -3.5908 -0.7534 -3.0928 -1.7586
layer 11 5 -265.813934 5.4081 1.2576 -4.6002 -0.1734 -2.0379 -1.4295
layer 12 5 22330.085938 5.1277 0.7132 -7.2154 1.4144 1.0679 0.1545
layer 13 5 22262.740234 5.4971 0.2829 -11.2143 2.1749 0.6202 -1.3039
layer 14 5 22300.291016 5.9606 -0.7810 -11.6632 3.1434 -1.1113 -0.8452
layer 15 5 22334.548828 5.4549 -3.1693 -13.1390 5.4886 2.1496 -1.3135
layer 16 5 22370.531250 6.6576 -2.4016 -13.4897 5.8655 2.6006 -0.9997
layer 17 5 22406.517578 5.2978 -1.1441 -12.6381 6.4579 1.3385 -2.1453
layer 18 5 22195.097656 6.2857 -2.5669 -12.1186 7.2868 -0.0588 -2.6936
layer 19 5 22284.041016 7.4452 -4.0491 -13.3558 5.3887 -0.8925 -0.6044
layer 20 5 22221.894531 6.2611 -3.4133 -12.5043 2.8684 2.1833 2.9119
layer 21 5 22068.873047 3.1314 -6.0242 -9.0737 3.2745 2.0828 6.8190
layer 22 5 22310.501953 0.1966 -9.8597 -10.2958 0.1345 -2.6707 9.9965
layer 23 5 22814.572266 -2.2874 -9.9284 -9.4723 -2.3684 -2.8826 9.2793
layer 24 5 22671.949219 -6.7967 -19.8738 -6.4920 1.0981 -10.8634 5.6895
layer 25 5 23826.845703 -6.8051 -25.1963 -6.7150 8.2545 -5.9945 9.2165
layer 26 5 24043.583984 -9.9373 -26.7092 -6.8306 2.2341 -3.3640 8.9469
layer 27 5 24345.191406 -5.9017 -34.3716 -6.9552 -2.0802 -1.1050 14.1936
layer 28 5 25818.980469 -7.6786 -41.0771 1.5841 -11.7534 -8.5799 13.9207
layer 29 5 13885.963867 5.8306 -40.4920 2.9755 -11.0028 -3.9586 14.0543
layer 30 1 1009.905273 -2.4393 -34.4779 -10.3292 -10.0915 -1.2847 -4.1581
layer 31 1 37.610252 -0.1675 -2.4513 -0.7186 -0.7421 -0.0964 -0.3223
top 7042 -0.124974
top 260 -2.958597
top 216 -4.467042
top 4528 -5.280753
top 441 -5.894004
top 3692 -5.897000
top 2250 -5.955722
top 450 -6.344095
top 1315 -6.346342
top 3575 -6.432400
top 1280 -6.617582
top 5145 -6.791823
top 378 -6.793479
top 253 -6.973478
top 4649 -6.977467
top 414 -7.089670
top 933 -7.125123
top 625 -7.133603
top 28030 -7.162802
top 389 -7.168502
top 340 -7.229212
top 678 -7.426088
top 10757 -7.524024
top 27713 -7.571561
top 1062 -7.656291
top 11452 -7.721868
top 3178 -7.722305
top 6483 -7.733638
top 597 -7.757226
top 14937 -7.863482
top 4206 -7.914023
top 422 -8.225163
top 3431 -8.237115
top 15342 -8.255826
top 426 -8.272262
top 1903 -8.309711
top 1217 -8.362673
top 334 -8.377557
top 4723 -8.389833
top 805 -8.440038
top 36702 -8.446500
top 3807 -8.448247
top 28 -8.473134
top 5549 -8.476691
top 6392 -8.513919
top 28239 -8.593944
top 1129 -8.627822
top 31567 -8.633114
top 2026 -8.655082
top 22867 -8.690895
top 47539 -8.709384
top 38034 -8.745032
top 354 -8.792500
top 37628 -8.826943
top 3261 -8.939435
top 45927 -8.946158
top 1268 -8.994237
top 372 -8.995794
top 5403 -9.039010
top 34826 -9.048242
top 38634 -9.077818
top 28676 -9.078181
top 1541 -9.099925
top 874 -9.119832
probe 0 -17.432514
probe 192 -21.981836
probe 384 -14.617993
probe 576 -24.280045
probe 768 -12.181218
probe 960 -20.720097
probe 1152 -20.646303
probe 1344 -21.876482
probe 1536 -21.139406
probe 1728 -19.206274
probe 1920 -21.907804
probe 2112 -14.258769
probe 2304 -14.744449
probe 2496 -17.672588
probe 2688 -14.463417
probe 2880 -21.155989
probe 3072 -25.181658
probe 3264 -14.006378
probe 3456 -17.322392
probe 3648 -22.351665
probe 3840 -18.359640
probe 4032 -20.322077
probe 4224 -19.295290
probe 4416 -19.441248
probe 4608 -17.009361
probe 4800 -25.165146
probe 4992 -19.217524
probe 5184 -15.215186
probe 5376 -18.552107
probe 5568 -18.233940
probe 5760 -17.393547
probe 5952 -19.025490
probe 6144 -18.203365
probe 6336 -24.260656
probe 6528 -18.431196
probe 6720 -18.332893
probe 6912 -10.494614
probe 7104 -16.908947
probe 7296 -15.832699
probe 7488 -20.240740
probe 7680 -18.810308
probe 7872 -21.150572
probe 8064 -15.739141
probe 8256 -28.152412
probe 8448 -22.602728
probe 8640 -21.294870
probe 8832 -20.576433
probe 9024 -18.466022
probe 9216 -16.785099
probe 9408 -18.363110
probe 9600 -25.130831
probe 9792 -18.229811
probe 9984 -17.377628
probe 10176 -16.273573
probe 10368 -26.099688
probe 10560 -16.169764
probe 10752 -18.332787
probe 10944 -21.887318
probe 11136 -20.098518
probe 11328 -16.551397
probe 11520 -21.179617
probe 11712 -18.001665
probe 11904 -18.343023
probe 12096 -20.969671
probe 12288 -14.998274
probe 12480 -21.710737
probe 12672 -29.186026
probe 12864 -25.980440
probe 13056 -21.466288
probe 13248 -20.786545
probe 13440 -18.323328
probe 13632 -19.534475
probe 13824 -14.598698
probe 14016 -15.129199
probe 14208 -22.764048
probe 14400 -19.409939
probe 14592 -19.646824
probe 14784 -20.629606
probe 14976 -12.913583
probe 15168 -17.313334
probe 15360 -17.540646
probe 15552 -15.899339
probe 15744 -19.771713
probe 15936 -17.444895
probe 16128 -16.062407
probe 16320 -15.482541
probe 16512 -21.155382
probe 16704 -15.857386
probe 16896 -23.357224
probe 17088 -24.200830
probe 17280 -17.518494
probe 17472 -20.851870
probe 17664 -16.626593
probe 17856 -20.890211
probe 18048 -20.068403
probe 18240 -23.217497
probe 18432 -23.757742
probe 18624 -19.844236
probe 18816 -19.159143
probe 19008 -20.649851
probe 19200 -18.013529
probe 19392 -27.966204
probe 19584 -20.430878
probe 19776 -20.998436
probe 19968 -19.035664
probe 20160 -21.993931
probe 20352 -24.165661
probe 20544 -20.616501
probe 20736 -20.271524
probe 20928 -19.484249
probe 21120 -19.439287
probe 21312 -17.855875
probe 21504 -26.943533
probe 21696 -17.357737
probe 21888 -21.204250
probe 22080 -17.061523
probe 22272 -21.169552
probe 22464 -22.847601
probe 22656 -21.830750
probe 22848 -14.770031
probe 23040 -15.057834
probe 23232 -23.755371
probe 23424 -17.778231
probe 23616 -21.267841
probe 23808 -14.711185
probe 24000 -18.298162
probe 24192 -26.379475
probe 24384 -23.449833
probe 24576 -19.621412
probe 24768 -25.104811
probe 24960 -23.270622
probe 25152 -19.580706
probe 25344 -16.192919
probe 25536 -25.391140
probe 25728 -22.819029
probe 25920 -19.886860
probe 26112 -21.538731
probe 26304 -24.466375
probe 26496 -20.673210
probe 26688 -19.250462
probe 26880 -24.153036
probe 27072 -32.311226
probe 27264 -18.451794
probe 27456 -13.397843
probe 27648 -17.980873
probe 27840 -20.891977
probe 28032 -22.115837
probe 28224 -23.144947
probe 28416 -17.946573
probe 28608 -18.033512
probe 28800 -23.909658
probe 28992 -19.215101
probe 29184 -22.443792
probe 29376 -24.968641
probe 29568 -24.922983
probe 29760 -20.729536
probe 29952 -23.647812
probe 30144 -23.785545
probe 30336 -21.526699
probe 30528 -18.383221
probe 30720 -26.963400
probe 30912 -23.910009
probe 31104 -25.114300
probe 31296 -20.259298
probe 31488 -18.517900
probe 31680 -20.731127
probe 31872 -20.404062
probe 32064 -19.470922
probe 32256 -23.888161
probe 32448 -20.228735
probe 32640 -24.237036
probe 32832 -23.692911
probe 33024 -18.194622
probe 33216 -17.693998
probe 33408 -23.607084
probe 33600 -22.277281
probe 33792 -19.093330
probe 33984 -20.501902
probe 34176 -27.810949
probe 34368 -22.796682
probe 34560 -21.220112
probe 34752 -22.032871
probe 34944 -20.520716
probe 35136 -17.480864
probe 35328 -23.291441
probe 35520 -27.152113
probe 35712 -16.663614
probe 35904 -19.586412
probe 36096 -14.451756
probe 36288 -27.437426
probe 36480 -21.262285
probe 36672 -20.730070
probe 36864 -20.838373
probe 37056 -22.590469
probe 37248 -21.864578
probe 37440 -28.017576
probe 37632 -23.363764
probe 37824 -20.367393
probe 38016 -25.230013
probe 38208 -20.454588
probe 38400 -20.117861
probe 38592 -24.373104
probe 38784 -21.657881
probe 38976 -23.065781
probe 39168 -18.991150
probe 39360 -18.036940
probe 39552 -23.797058
probe 39744 -22.799156
probe 39936 -28.043756
probe 40128 -25.610476
probe 40320 -28.606279
probe 40512 -20.479929
probe 40704 -19.145319
probe 40896 -24.242254
probe 41088 -21.725147
probe 41280 -22.142576
probe 41472 -17.136793
probe 41664 -25.844870
probe 41856 -20.634829
probe 42048 -20.443613
probe 42240 -23.138859
probe 42432 -20.732157
probe 42624 -22.250641
probe 42816 -24.075447
probe 43008 -20.858164
probe 43200 -24.469753
probe 43392 -19.972914
probe 43584 -15.589794
probe 43776 -23.303577
probe 43968 -19.046103
probe 44160 -17.399614
probe 44352 -23.255274
probe 44544 -21.362617
probe 44736 -21.914358
probe 44928 -25.002985
probe 45120 -15.736506
probe 45312 -21.932020
probe 45504 -14.401654
probe 45696 -24.040243
probe 45888 -23.958366
probe 46080 -24.745424
probe 46272 -24.029045
probe 46464 -18.768358
probe 46656 -21.147234
probe 46848 -21.845436
probe 47040 -23.248075
probe 47232 -27.675890
probe 47424 -25.678679
probe 47616 -25.008230
probe 47808 -25.448774
probe 48000 -23.320150
probe 48192 -23.984383
probe 48384 -17.754728
probe 48576 -22.116867
probe 48768 -23.491144
probe 48960 -25.837336
