# molla logit reference. Written by scripts/gen-logits.py.
# Every number below came out of llama.cpp reading this exact file.
oracle llama.cpp b10470 34af94cd9
backend default
name smollm2-q6_k-capital
model SmolLM2-135M-Instruct-Q8_0-q6_k.gguf
bytes 138383200
layers 30
width 576
vocab 49152
prompt The capital of France is
tokens 504 3575 282 4649 314
layer 0 5 -7.908967 -0.0578 0.0116 -0.0665 0.1433 0.0973 -0.0447
layer 1 5 -65.415710 2.0469 -0.6789 -0.9462 -0.2386 -0.4615 0.0175
layer 2 5 57.405712 2.1455 0.6943 -1.9457 -0.0722 -0.7583 0.0261
layer 3 5 391.531982 1.9160 0.8741 -1.8642 -0.0290 -1.6563 0.8583
layer 4 5 397.205566 2.1829 -0.2606 -2.5656 0.7079 -2.1309 -0.4876
layer 5 5 436.684998 1.6950 -0.6090 -2.5814 1.2681 -3.1404 -0.8238
layer 6 5 349.990662 2.6255 -0.6142 -2.4775 0.1872 -2.6027 0.4600
layer 7 5 279.488617 2.8218 -0.1969 -2.3603 0.1036 -2.8183 -0.1346
layer 8 5 182.551971 2.7081 -0.7284 -2.9621 -0.8750 -2.0609 -0.9563
layer 9 5 46.033188 2.9850 -0.2021 -3.9526 -0.1042 -2.6275 -0.8326
layer 10 5 -158.198288 4.0975 -0.4509 -4.1496 -0.8690 -3.1883 -1.2537
layer 11 5 -139.462326 4.9055 0.5856 -3.8684 -0.8328 -2.0063 -0.9668
layer 12 5 25608.363281 5.1388 -0.1967 -6.0255 1.5524 0.5028 -0.2000
layer 13 5 25570.382812 4.9898 -1.7496 -9.3892 2.2198 0.3092 -1.5124
layer 14 5 25595.136719 5.4767 -1.2789 -9.0406 2.6834 -1.5321 -1.4019
layer 15 5 25621.939453 4.7259 -4.9382 -9.5932 6.0273 1.5584 -1.0912
layer 16 5 25657.541016 5.7266 -3.5220 -9.2774 5.9372 1.1860 -0.9062
layer 17 5 25692.105469 4.7251 -2.3247 -8.7558 5.9209 -1.9333 -1.8073
layer 18 5 25490.410156 6.0420 -2.7818 -8.6778 6.8650 -2.5718 -0.9674
layer 19 5 25632.615234 6.5707 -3.4358 -10.1621 5.7068 -2.2759 -0.7451
layer 20 5 25524.177734 6.3822 -3.5058 -9.5449 4.2901 0.4166 1.6428
layer 21 5 25449.496094 4.3417 -5.0091 -9.3234 3.7992 -0.1511 4.4557
layer 22 5 25585.507812 1.9208 -9.8901 -10.2874 1.2033 -3.2987 7.6978
layer 23 5 26323.529297 -1.1767 -12.3506 -9.1058 -1.3140 -3.5550 9.5835
layer 24 5 26140.330078 -4.5639 -23.2027 -9.8726 -0.5106 -9.1062 10.9549
layer 25 5 27102.677734 -5.4894 -26.6979 -5.1500 6.2815 -1.8974 14.2962
layer 26 5 27389.207031 -9.2657 -26.7569 -6.9446 -0.2944 4.1086 15.6024
layer 27 5 27949.044922 -2.7350 -33.9744 -7.9503 -3.0182 3.0863 16.3441
layer 28 5 29055.716797 -9.9261 -38.2341 -5.1891 -8.7816 -6.5257 17.5723
layer 29 5 14250.727539 2.8934 -36.8906 -3.1230 -9.3633 -1.6297 16.8013
layer 30 1 1313.757935 -0.6657 -26.8213 -9.0443 -7.1080 -6.5714 -10.3332
layer 31 1 62.104195 -0.0440 -1.8338 -0.6051 -0.5027 -0.4744 -0.7702
top 7042 -0.630538
top 260 -1.494628
top 3807 -2.478057
top 1217 -4.407803
top 2250 -4.580055
top 253 -4.773490
top 1343 -5.003412
top 13010 -5.256791
top 441 -5.540965
top 3692 -5.541455
top 5145 -5.602406
top 625 -5.828431
top 5549 -5.853535
top 37628 -5.888883
top 597 -5.908401
top 10757 -5.913492
top 4206 -5.948205
top 678 -6.016826
top 1280 -6.027514
top 15342 -6.113100
top 216 -6.141329
top 6483 -6.241786
top 1129 -6.268792
top 3431 -6.459183
top 450 -6.542048
top 198 -6.546559
top 3365 -6.599988
top 3178 -6.711721
top 378 -6.893126
top 942 -6.899437
top 3575 -6.912316
top 38034 -6.953831
top 281 -6.963287
top 28 -6.972082
top 476 -7.033324
top 1315 -7.033769
top 426 -7.058363
top 34826 -7.101396
top 414 -7.103921
top 1036 -7.149099
top 36702 -7.155749
top 418 -7.206941
top 933 -7.218886
top 2473 -7.302192
top 2026 -7.327831
top 6392 -7.328556
top 3408 -7.370350
top 10000 -7.430455
top 7709 -7.442607
top 5991 -7.459275
top 389 -7.470845
top 1478 -7.526099
top 5763 -7.534402
top 1268 -7.537457
top 6660 -7.575752
top 4528 -7.576847
top 4649 -7.592547
top 1062 -7.612757
top 4248 -7.638228
top 27713 -7.638587
top 2007 -7.696124
top 340 -7.789189
top 656 -7.851626
top 312 -7.873691
probe 0 -14.568871
probe 192 -22.543978
probe 384 -13.811038
probe 576 -21.894245
probe 768 -12.143377
probe 960 -20.844822
probe 1152 -17.577902
probe 1344 -19.988802
probe 1536 -19.241760
probe 1728 -18.470970
probe 1920 -19.426338
probe 2112 -15.966510
probe 2304 -12.668872
probe 2496 -17.521833
probe 2688 -14.389380
probe 2880 -18.984133
probe 3072 -25.145294
probe 3264 -14.073854
probe 3456 -16.608372
probe 3648 -23.568190
probe 3840 -19.787685
probe 4032 -20.348127
probe 4224 -21.883856
probe 4416 -20.272083
probe 4608 -15.656399
probe 4800 -24.204460
probe 4992 -19.124060
probe 5184 -15.226762
probe 5376 -16.192789
probe 5568 -16.242006
probe 5760 -15.969003
probe 5952 -18.853405
probe 6144 -18.778177
probe 6336 -24.155582
probe 6528 -15.431048
probe 6720 -17.417736
probe 6912 -7.903806
probe 7104 -16.913069
probe 7296 -12.446517
probe 7488 -16.630358
probe 7680 -16.211596
probe 7872 -20.238760
probe 8064 -16.113173
probe 8256 -29.996925
probe 8448 -22.784248
probe 8640 -20.805002
probe 8832 -21.185368
probe 9024 -18.680830
probe 9216 -16.332829
probe 9408 -17.777559
probe 9600 -23.351341
probe 9792 -20.031561
probe 9984 -16.137362
probe 10176 -13.696069
probe 10368 -22.821648
probe 10560 -16.247379
probe 10752 -16.810167
probe 10944 -19.433002
probe 11136 -20.960682
probe 11328 -15.480520
probe 11520 -19.412628
probe 11712 -16.562113
probe 11904 -15.994290
probe 12096 -20.129486
probe 12288 -14.643151
probe 12480 -18.989252
probe 12672 -27.934521
probe 12864 -29.535103
probe 13056 -20.692051
probe 13248 -23.114723
probe 13440 -18.159348
probe 13632 -19.147730
probe 13824 -13.861945
probe 14016 -17.137562
probe 14208 -20.421152
probe 14400 -16.373495
probe 14592 -19.103735
probe 14784 -18.186174
probe 14976 -12.096292
probe 15168 -16.078011
probe 15360 -16.170126
probe 15552 -14.857181
probe 15744 -18.806423
probe 15936 -17.027336
probe 16128 -18.205084
probe 16320 -13.163834
probe 16512 -20.829487
probe 16704 -18.141088
probe 16896 -20.260729
probe 17088 -21.301567
probe 17280 -16.108461
probe 17472 -18.363590
probe 17664 -19.204659
probe 17856 -22.438026
probe 18048 -20.085882
probe 18240 -22.600817
probe 18432 -24.789827
probe 18624 -19.997234
probe 18816 -16.963564
probe 19008 -19.364550
probe 19200 -17.725401
probe 19392 -25.267664
probe 19584 -21.005672
probe 19776 -20.898632
probe 19968 -16.137531
probe 20160 -22.227375
probe 20352 -23.831224
probe 20544 -19.450792
probe 20736 -23.749172
probe 20928 -19.722576
probe 21120 -20.640715
probe 21312 -17.609631
probe 21504 -25.813847
probe 21696 -18.359314
probe 21888 -21.001202
probe 22080 -15.843259
probe 22272 -21.990587
probe 22464 -25.276274
probe 22656 -19.989307
probe 22848 -14.905095
probe 23040 -14.539588
probe 23232 -27.267418
probe 23424 -14.581663
probe 23616 -18.142334
probe 23808 -14.367650
probe 24000 -15.366525
probe 24192 -27.150116
probe 24384 -22.002033
probe 24576 -19.908012
probe 24768 -26.191917
probe 24960 -21.691801
probe 25152 -17.952246
probe 25344 -13.530435
probe 25536 -25.347870
probe 25728 -22.590128
probe 25920 -21.990311
probe 26112 -21.260998
probe 26304 -22.446926
probe 26496 -20.503876
probe 26688 -18.079065
probe 26880 -23.215490
probe 27072 -29.636002
probe 27264 -19.431950
probe 27456 -13.510593
probe 27648 -15.919691
probe 27840 -22.396441
probe 28032 -22.769930
probe 28224 -23.933033
probe 28416 -16.382414
probe 28608 -16.513597
probe 28800 -22.164158
probe 28992 -19.662773
probe 29184 -20.788074
probe 29376 -22.818399
probe 29568 -24.376669
probe 29760 -20.392387
probe 29952 -22.577993
probe 30144 -22.479542
probe 30336 -21.609537
probe 30528 -17.012468
probe 30720 -25.927441
probe 30912 -21.057940
probe 31104 -24.287115
probe 31296 -19.837292
probe 31488 -18.147482
probe 31680 -21.343742
probe 31872 -19.687172
probe 32064 -19.999529
probe 32256 -24.947931
probe 32448 -20.372814
probe 32640 -23.830133
probe 32832 -23.814484
probe 33024 -16.003454
probe 33216 -14.834264
probe 33408 -23.876022
probe 33600 -20.589611
probe 33792 -18.272182
probe 33984 -18.354990
probe 34176 -27.801016
probe 34368 -22.655468
probe 34560 -20.627363
probe 34752 -22.968454
probe 34944 -19.647903
probe 35136 -17.498098
probe 35328 -22.071009
probe 35520 -23.592157
probe 35712 -14.853918
probe 35904 -18.734446
probe 36096 -14.504369
probe 36288 -27.561991
probe 36480 -19.188904
probe 36672 -19.199764
probe 36864 -20.199312
probe 37056 -22.274563
probe 37248 -17.718853
probe 37440 -27.712769
probe 37632 -21.518610
probe 37824 -18.985579
probe 38016 -23.062689
probe 38208 -20.557911
probe 38400 -18.939304
probe 38592 -23.199663
probe 38784 -18.189676
probe 38976 -21.996727
probe 39168 -18.064018
probe 39360 -18.129412
probe 39552 -23.202343
probe 39744 -21.263542
probe 39936 -23.009575
probe 40128 -25.663519
probe 40320 -28.657490
probe 40512 -16.852219
probe 40704 -18.839708
probe 40896 -21.599180
probe 41088 -21.971401
probe 41280 -21.394522
probe 41472 -14.672839
probe 41664 -24.791039
probe 41856 -21.934540
probe 42048 -20.403687
probe 42240 -23.557552
probe 42432 -20.426497
probe 42624 -20.830671
probe 42816 -21.822714
probe 43008 -21.109932
probe 43200 -23.200279
probe 43392 -17.493435
probe 43584 -16.318638
probe 43776 -22.844728
probe 43968 -19.693687
probe 44160 -17.625528
probe 44352 -23.819431
probe 44544 -20.704184
probe 44736 -19.812744
probe 44928 -21.810501
probe 45120 -13.453424
probe 45312 -22.232258
probe 45504 -13.657297
probe 45696 -25.609695
probe 45888 -23.837536
probe 46080 -25.776775
probe 46272 -22.959518
probe 46464 -18.615955
probe 46656 -22.693075
probe 46848 -19.639706
probe 47040 -20.915741
probe 47232 -26.847202
probe 47424 -23.842926
probe 47616 -22.404766
probe 47808 -25.193565
probe 48000 -25.450027
probe 48192 -24.115768
probe 48384 -16.818777
probe 48576 -22.117609
probe 48768 -22.888706
probe 48960 -23.798996
