# molla logit reference. Written by scripts/gen-logits.py.
# Every number below came out of llama.cpp reading this exact file.
oracle llama.cpp b10470 34af94cd9
backend default
name smollm2-q8_0-count
model SmolLM2-135M-Instruct-Q8_0.gguf
bytes 144811360
layers 30
width 576
vocab 49152
prompt One, two, three, four
tokens 2705 28 827 28 1296 28 1876
layer 0 7 -3.452261 0.0807 0.0050 -0.0315 -0.0408 0.0422 0.0310
layer 1 7 -20.952650 -3.3472 0.7014 1.5244 -0.1127 -0.5290 1.5218
layer 2 7 75.254288 -4.2354 -0.7659 0.8123 -1.1083 -0.6917 1.1892
layer 3 7 438.253601 -4.7215 -0.6214 1.2569 -1.1367 -1.6321 0.5416
layer 4 7 355.249542 -4.9212 0.9155 2.3040 -0.2350 -1.2886 0.8953
layer 5 7 226.929291 -5.5390 4.1001 1.4536 -1.1132 -0.3326 0.2430
layer 6 7 160.835754 -5.3357 3.6105 0.3024 1.1423 1.2830 2.6212
layer 7 7 -94.546852 -7.8062 1.6978 2.0280 1.2876 -2.5706 1.3589
layer 8 7 -186.395706 -8.9633 0.8572 1.9495 -1.7899 -3.1085 1.2814
layer 9 7 -267.020905 -8.3143 2.5401 -0.1613 -1.6009 -1.4913 3.2430
layer 10 7 -653.879028 -8.3764 3.9417 -0.6509 -0.3876 -2.1120 7.0942
layer 11 7 -728.655701 -8.6346 2.9058 1.7247 -0.2960 -0.5112 6.2927
layer 12 7 24974.802734 -8.5348 2.2261 0.5259 0.1591 -0.8975 3.5957
layer 13 7 24960.857422 -9.7488 3.1927 0.2903 1.2935 1.1036 4.3721
layer 14 7 25089.427734 -10.1420 4.5607 0.0957 0.6821 -0.6671 2.8459
layer 15 7 25166.347656 -11.7506 3.6620 -0.0229 1.7955 0.2059 2.4923
layer 16 7 24881.113281 -11.0281 3.1559 -1.3500 -0.0230 1.8357 2.6406
layer 17 7 24788.246094 -11.0740 4.2869 -0.5997 -2.4729 2.1190 2.5153
layer 18 7 24786.306641 -9.9978 1.4602 -0.8351 -2.8596 -0.5225 4.0063
layer 19 7 24831.998047 -9.5305 2.8121 -2.6710 -5.0589 -0.8565 -1.6859
layer 20 7 24013.591797 -8.8504 2.4293 -3.4634 -9.0874 -3.7928 1.5836
layer 21 7 23842.257812 -9.0356 0.7631 -3.5519 -8.2888 0.1046 3.6689
layer 22 7 24724.332031 -8.7088 -1.8586 -4.4811 -8.5384 -3.1953 3.3486
layer 23 7 24985.900391 -7.9071 0.9394 -1.9404 -9.3262 -10.5403 4.8133
layer 24 7 24844.640625 -7.6687 0.1019 0.5432 -2.5488 -12.8042 -4.2984
layer 25 7 26382.330078 0.9820 6.8759 -0.1817 4.6012 -17.0578 -1.7261
layer 26 7 27189.654297 0.4492 8.0753 -4.5111 0.6985 -14.1899 2.7562
layer 27 7 26758.439453 -1.7730 12.3298 -4.2092 1.3594 -14.2236 1.9764
layer 28 7 27705.511719 2.5284 11.0551 -2.3644 -1.5310 -24.9381 -1.1738
layer 29 7 13349.013672 1.5192 11.1521 -3.1929 0.2305 -29.1612 -2.0045
layer 30 1 938.787842 2.7084 3.6233 8.4956 -9.4497 -14.3261 -21.7986
layer 31 1 7.591729 0.1396 0.1934 0.4437 -0.5217 -0.8074 -1.2684
top 28 -0.365389
top 2026 -2.729630
top 25 -3.350476
top 30 -3.682888
top 355 -3.711087
top 284 -3.819952
top 595 -3.984102
top 2686 -4.198082
top 198 -4.510973
top 643 -4.631784
top 4563 -4.868639
top 40171 -4.986387
top 47 -5.483891
top 2677 -5.772846
top 5592 -5.888653
top 359 -5.955038
top 42 -5.991219
top 2829 -6.002537
top 365 -6.443682
top 5548 -6.478258
top 19110 -6.507307
top 43 -6.560095
top 77 -6.573069
top 27040 -6.601635
top 30695 -6.724371
top 727 -6.776392
top 950 -6.999701
top 731 -7.018692
top 1673 -7.030096
top 29 -7.037386
top 1270 -7.095030
top 1711 -7.114355
top 216 -7.194195
top 17 -7.229744
top 1627 -7.388323
top 4258 -7.569929
top 44221 -7.578242
top 3009 -7.581780
top 816 -7.599466
top 1116 -7.615149
top 18638 -7.802607
top 1265 -7.827424
top 14487 -7.885010
top 3301 -7.900440
top 2966 -8.003643
top 281 -8.029732
top 314 -8.034204
top 327 -8.152119
top 5027 -8.166666
top 30005 -8.228945
top 1292 -8.277510
top 511 -8.289671
top 15874 -8.361679
top 2009 -8.362921
top 2876 -8.365540
top 4784 -8.390190
top 1715 -8.430647
top 446 -8.447220
top 18 -8.460943
top 2728 -8.464720
top 1841 -8.470951
top 288 -8.526909
top 2880 -8.728367
top 3717 -8.734718
probe 0 -12.671106
probe 192 -23.027229
probe 384 -11.738007
probe 576 -16.865173
probe 768 -14.301698
probe 960 -17.506723
probe 1152 -17.435181
probe 1344 -18.517889
probe 1536 -22.519665
probe 1728 -14.002406
probe 1920 -12.996191
probe 2112 -18.150621
probe 2304 -14.311873
probe 2496 -11.546722
probe 2688 -14.489807
probe 2880 -8.728367
probe 3072 -17.727095
probe 3264 -14.037582
probe 3456 -17.897062
probe 3648 -17.390806
probe 3840 -13.640970
probe 4032 -14.860219
probe 4224 -18.581245
probe 4416 -15.316011
probe 4608 -14.508878
probe 4800 -18.154364
probe 4992 -17.982164
probe 5184 -15.382509
probe 5376 -15.869987
probe 5568 -17.952671
probe 5760 -16.156595
probe 5952 -13.150288
probe 6144 -14.891228
probe 6336 -21.507240
probe 6528 -16.205338
probe 6720 -14.747177
probe 6912 -18.740736
probe 7104 -18.172167
probe 7296 -17.698862
probe 7488 -11.526134
probe 7680 -13.284708
probe 7872 -18.134703
probe 8064 -14.406254
probe 8256 -21.611605
probe 8448 -20.135538
probe 8640 -24.286325
probe 8832 -16.216808
probe 9024 -17.648359
probe 9216 -18.334715
probe 9408 -17.057852
probe 9600 -17.384447
probe 9792 -17.990553
probe 9984 -17.443365
probe 10176 -19.718269
probe 10368 -23.085222
probe 10560 -17.086441
probe 10752 -15.223126
probe 10944 -19.238066
probe 11136 -15.445945
probe 11328 -17.544168
probe 11520 -17.594013
probe 11712 -17.385725
probe 11904 -17.675905
probe 12096 -18.394182
probe 12288 -14.821692
probe 12480 -18.018064
probe 12672 -18.687834
probe 12864 -20.448053
probe 13056 -13.218229
probe 13248 -19.051359
probe 13440 -19.074907
probe 13632 -17.307116
probe 13824 -15.394327
probe 14016 -18.730091
probe 14208 -19.723021
probe 14400 -12.104670
probe 14592 -19.030579
probe 14784 -19.827547
probe 14976 -19.749640
probe 15168 -18.011730
probe 15360 -17.905125
probe 15552 -18.826509
probe 15744 -17.616024
probe 15936 -18.848715
probe 16128 -19.147955
probe 16320 -17.128302
probe 16512 -18.462818
probe 16704 -16.976318
probe 16896 -19.947189
probe 17088 -22.648605
probe 17280 -16.209053
probe 17472 -16.845953
probe 17664 -16.123344
probe 17856 -17.091782
probe 18048 -14.956754
probe 18240 -21.523836
probe 18432 -20.115953
probe 18624 -19.042557
probe 18816 -17.873507
probe 19008 -18.065418
probe 19200 -20.434750
probe 19392 -17.980745
probe 19584 -22.239466
probe 19776 -21.891748
probe 19968 -16.532011
probe 20160 -21.381102
probe 20352 -18.052460
probe 20544 -20.519014
probe 20736 -15.327214
probe 20928 -16.108078
probe 21120 -15.222292
probe 21312 -21.927076
probe 21504 -20.928785
probe 21696 -13.824736
probe 21888 -20.507559
probe 22080 -16.911837
probe 22272 -10.908260
probe 22464 -19.187311
probe 22656 -19.749220
probe 22848 -17.225269
probe 23040 -19.089865
probe 23232 -22.849150
probe 23424 -16.853498
probe 23616 -20.822527
probe 23808 -18.252872
probe 24000 -20.240913
probe 24192 -20.273609
probe 24384 -15.579960
probe 24576 -17.531450
probe 24768 -20.001873
probe 24960 -20.692736
probe 25152 -21.065893
probe 25344 -17.533773
probe 25536 -17.953239
probe 25728 -16.925974
probe 25920 -18.244547
probe 26112 -22.160496
probe 26304 -19.719393
probe 26496 -14.525957
probe 26688 -20.103088
probe 26880 -13.851030
probe 27072 -20.186342
probe 27264 -15.579372
probe 27456 -19.750561
probe 27648 -18.686378
probe 27840 -20.630468
probe 28032 -18.678089
probe 28224 -18.663561
probe 28416 -20.565985
probe 28608 -16.933529
probe 28800 -19.274702
probe 28992 -21.000046
probe 29184 -21.129530
probe 29376 -21.873541
probe 29568 -16.482613
probe 29760 -21.504156
probe 29952 -20.230516
probe 30144 -18.044619
probe 30336 -15.728470
probe 30528 -18.793503
probe 30720 -17.077892
probe 30912 -20.597116
probe 31104 -20.097395
probe 31296 -18.874517
probe 31488 -21.934252
probe 31680 -15.435457
probe 31872 -18.782698
probe 32064 -22.315680
probe 32256 -18.100668
probe 32448 -20.058676
probe 32640 -18.525789
probe 32832 -20.206120
probe 33024 -13.618496
probe 33216 -17.230440
probe 33408 -19.714911
probe 33600 -22.066996
probe 33792 -17.333586
probe 33984 -18.804007
probe 34176 -16.092413
probe 34368 -25.713928
probe 34560 -15.274720
probe 34752 -18.635111
probe 34944 -19.826406
probe 35136 -19.972322
probe 35328 -21.776291
probe 35520 -21.540268
probe 35712 -16.115986
probe 35904 -19.863661
probe 36096 -15.486046
probe 36288 -19.850092
probe 36480 -19.646507
probe 36672 -19.356071
probe 36864 -20.065996
probe 37056 -25.602190
probe 37248 -21.431707
probe 37440 -20.682604
probe 37632 -19.377438
probe 37824 -20.267572
probe 38016 -20.950161
probe 38208 -15.686784
probe 38400 -21.033390
probe 38592 -22.401815
probe 38784 -20.810120
probe 38976 -20.519178
probe 39168 -19.205336
probe 39360 -18.931910
probe 39552 -25.186876
probe 39744 -25.376104
probe 39936 -16.010172
probe 40128 -21.975939
probe 40320 -23.155676
probe 40512 -19.886885
probe 40704 -16.500759
probe 40896 -16.232164
probe 41088 -19.478689
probe 41280 -18.506786
probe 41472 -19.210707
probe 41664 -17.821875
probe 41856 -20.751596
probe 42048 -17.705780
probe 42240 -21.799002
probe 42432 -19.172819
probe 42624 -18.848640
probe 42816 -20.029381
probe 43008 -18.043884
probe 43200 -22.637594
probe 43392 -19.083883
probe 43584 -20.383274
probe 43776 -20.495750
probe 43968 -22.572491
probe 44160 -19.012594
probe 44352 -21.807913
probe 44544 -15.378408
probe 44736 -18.859097
probe 44928 -18.427183
probe 45120 -18.637646
probe 45312 -18.605360
probe 45504 -18.336374
probe 45696 -18.249636
probe 45888 -19.812656
probe 46080 -18.098524
probe 46272 -18.511021
probe 46464 -21.123888
probe 46656 -20.337042
probe 46848 -23.007484
probe 47040 -13.881342
probe 47232 -18.099985
probe 47424 -19.636219
probe 47616 -20.074202
probe 47808 -21.282362
probe 48000 -21.072981
probe 48192 -25.008863
probe 48384 -18.424784
probe 48576 -18.280949
probe 48768 -19.087683
probe 48960 -18.968718
