# molla logit reference. Written by scripts/gen-logits.py.
# Every number below came out of llama.cpp reading this exact file.
oracle llama.cpp b10470 34af94cd9
backend default
name smollm2-q4_k-capital
model SmolLM2-135M-Instruct-Q8_0-q4_k_m.gguf
bytes 91063648
layers 30
width 576
vocab 49152
prompt The capital of France is
tokens 504 3575 282 4649 314
layer 0 5 -8.079651 -0.0688 0.0229 -0.0688 0.1461 0.0939 -0.0417
layer 1 5 -63.447411 2.0537 -0.7733 -0.8067 -0.1574 -0.5021 0.0138
layer 2 5 65.610374 2.2664 0.6047 -1.8804 -0.0318 -0.8548 -0.0540
layer 3 5 423.919373 1.9719 0.9361 -1.6375 -0.0215 -1.5781 0.7729
layer 4 5 440.580627 2.1854 -0.3087 -2.3779 0.8795 -2.0083 -0.4081
layer 5 5 503.942627 1.8623 -0.7624 -2.6637 1.6883 -2.9296 -0.7073
layer 6 5 413.019470 2.7692 -0.7781 -2.4625 0.6011 -2.4890 0.6567
layer 7 5 322.533020 3.0193 -0.4723 -2.1461 0.2723 -2.4886 0.1967
layer 8 5 214.692078 2.7597 -0.8460 -2.9671 -0.8694 -1.9844 -1.2186
layer 9 5 61.922577 3.2398 -0.5610 -3.9476 -0.1867 -3.1592 -1.1236
layer 10 5 -180.041107 4.1143 -0.7557 -4.3441 -0.8744 -3.8201 -1.6378
layer 11 5 -117.428688 4.6500 0.4494 -3.8468 -0.9508 -2.1950 -1.5975
layer 12 5 24767.462891 4.9967 0.2969 -6.3279 1.7610 0.8082 -0.2936
layer 13 5 24793.748047 5.0679 -1.4259 -9.4656 2.7759 -0.1736 -2.0333
layer 14 5 24776.208984 5.3600 -1.1579 -8.9425 1.7905 -1.7836 -1.0502
layer 15 5 24808.792969 4.8334 -4.3493 -8.9130 4.3982 1.5454 -0.7644
layer 16 5 24907.132812 5.8782 -2.4787 -8.1660 2.7090 0.9786 -1.2255
layer 17 5 24900.302734 4.9045 -1.1677 -7.6876 3.8854 -2.1435 -2.1429
layer 18 5 24735.416016 6.2483 -2.5330 -7.1959 4.9132 -3.0452 -1.3875
layer 19 5 24818.884766 7.1240 -2.4341 -7.6539 5.1641 -2.6924 -1.0779
layer 20 5 24794.529297 6.8889 -3.1693 -7.7649 3.5808 -0.7503 -0.0147
layer 21 5 24752.019531 4.8749 -4.0755 -7.6085 4.8240 -0.9736 3.5955
layer 22 5 24932.189453 2.4667 -8.6219 -9.0459 1.3695 -5.2096 5.7739
layer 23 5 25622.626953 -0.0247 -12.6050 -7.9838 -1.0109 -4.8630 9.8829
layer 24 5 25659.892578 -3.8234 -22.5678 -7.5130 -3.6407 -7.2260 10.0944
layer 25 5 26850.705078 -5.8632 -25.8443 -3.7435 3.3898 -0.8590 12.7346
layer 26 5 27023.953125 -10.3282 -27.6822 -5.2654 -0.2072 3.2256 13.9427
layer 27 5 27428.824219 -5.9202 -34.8854 -6.4198 -5.5616 2.0859 14.3849
layer 28 5 28231.318359 -8.8632 -39.4053 -3.9931 -8.7014 -5.6399 14.7286
layer 29 5 14043.823242 1.0480 -39.2483 -2.4744 -9.9723 -0.7802 16.4585
layer 30 1 1346.067993 -5.1208 -27.6613 -9.7242 -12.6675 -6.0551 -8.3619
layer 31 1 55.233192 -0.3323 -1.8588 -0.6394 -0.8805 -0.4296 -0.6126
top 7042 -0.277140
top 260 -2.490938
top 3807 -3.394714
top 2250 -4.395555
top 6483 -4.769731
top 38034 -5.302802
top 476 -5.370546
top 4649 -5.556713
top 3692 -5.604801
top 1217 -5.606549
top 5145 -5.745698
top 281 -5.761153
top 4206 -5.943790
top 597 -5.993584
top 253 -6.093590
top 37628 -6.099962
top 15342 -6.174489
top 5549 -6.176239
top 450 -6.492695
top 13010 -6.509902
top 625 -6.519782
top 5991 -6.622261
top 36702 -6.641825
top 678 -6.655376
top 10757 -6.667343
top 216 -6.707497
top 34826 -6.728984
top 1280 -6.816820
top 389 -6.942539
top 3365 -7.031225
top 1129 -7.093982
top 312 -7.110440
top 3431 -7.160711
top 1343 -7.226601
top 1315 -7.312794
top 3178 -7.342106
top 637 -7.363506
top 426 -7.430809
top 28239 -7.437899
top 1062 -7.454213
top 3575 -7.486873
top 441 -7.501152
top 2473 -7.631962
top 378 -7.648150
top 10000 -7.657892
top 422 -7.678644
top 4528 -7.681108
top 21013 -7.701299
top 6912 -7.703088
top 3432 -7.724871
top 28 -7.733934
top 340 -7.746552
top 942 -7.803026
top 2007 -7.852846
top 2828 -7.941107
top 23731 -8.025059
top 338 -8.044010
top 1478 -8.050454
top 4248 -8.064266
top 7709 -8.089058
top 624 -8.099216
top 9511 -8.130426
top 5373 -8.132159
top 27713 -8.134156
probe 0 -15.517619
probe 192 -24.909281
probe 384 -13.620916
probe 576 -22.675543
probe 768 -12.737089
probe 960 -21.321575
probe 1152 -16.999426
probe 1344 -21.289522
probe 1536 -19.831543
probe 1728 -17.718130
probe 1920 -21.055374
probe 2112 -16.354301
probe 2304 -13.743513
probe 2496 -16.201897
probe 2688 -13.172955
probe 2880 -20.816647
probe 3072 -26.115524
probe 3264 -12.645873
probe 3456 -15.829995
probe 3648 -22.193209
probe 3840 -18.052044
probe 4032 -20.382210
probe 4224 -20.893269
probe 4416 -19.404621
probe 4608 -16.073225
probe 4800 -24.093252
probe 4992 -19.632576
probe 5184 -15.355879
probe 5376 -15.719593
probe 5568 -18.166052
probe 5760 -15.826281
probe 5952 -18.926725
probe 6144 -18.362425
probe 6336 -22.083822
probe 6528 -16.291000
probe 6720 -17.198984
probe 6912 -7.703088
probe 7104 -17.151354
probe 7296 -13.336962
probe 7488 -17.998056
probe 7680 -15.993016
probe 7872 -22.199892
probe 8064 -15.907285
probe 8256 -29.070318
probe 8448 -22.204021
probe 8640 -20.628378
probe 8832 -20.899443
probe 9024 -18.878586
probe 9216 -15.761040
probe 9408 -17.401472
probe 9600 -21.950674
probe 9792 -19.206034
probe 9984 -16.369787
probe 10176 -14.315235
probe 10368 -23.769106
probe 10560 -16.672722
probe 10752 -15.522186
probe 10944 -19.751394
probe 11136 -21.147869
probe 11328 -16.754166
probe 11520 -18.641567
probe 11712 -16.535233
probe 11904 -15.544579
probe 12096 -19.726753
probe 12288 -14.812025
probe 12480 -19.316616
probe 12672 -26.290777
probe 12864 -29.458578
probe 13056 -21.289722
probe 13248 -24.385885
probe 13440 -18.405764
probe 13632 -19.082022
probe 13824 -13.780272
probe 14016 -17.240179
probe 14208 -20.038425
probe 14400 -18.955568
probe 14592 -21.008978
probe 14784 -17.918261
probe 14976 -11.066449
probe 15168 -15.356905
probe 15360 -16.748442
probe 15552 -15.602317
probe 15744 -18.823095
probe 15936 -16.885838
probe 16128 -18.336926
probe 16320 -12.547786
probe 16512 -20.869841
probe 16704 -16.891743
probe 16896 -20.386848
probe 17088 -23.486307
probe 17280 -16.561346
probe 17472 -17.520302
probe 17664 -18.702139
probe 17856 -22.220778
probe 18048 -19.452211
probe 18240 -22.311766
probe 18432 -27.132866
probe 18624 -19.353247
probe 18816 -16.557686
probe 19008 -18.936611
probe 19200 -19.299292
probe 19392 -25.871864
probe 19584 -19.931885
probe 19776 -19.686346
probe 19968 -15.876298
probe 20160 -22.030718
probe 20352 -23.730366
probe 20544 -20.273157
probe 20736 -22.850306
probe 20928 -19.087406
probe 21120 -21.625891
probe 21312 -16.908300
probe 21504 -28.053711
probe 21696 -17.657387
probe 21888 -20.816221
probe 22080 -15.796989
probe 22272 -21.827564
probe 22464 -23.058844
probe 22656 -21.022223
probe 22848 -15.351746
probe 23040 -14.367161
probe 23232 -24.873751
probe 23424 -14.006603
probe 23616 -18.288061
probe 23808 -13.602462
probe 24000 -16.557800
probe 24192 -28.110546
probe 24384 -22.302986
probe 24576 -18.909786
probe 24768 -26.389139
probe 24960 -20.931318
probe 25152 -18.417238
probe 25344 -14.777592
probe 25536 -24.924341
probe 25728 -22.489195
probe 25920 -21.100431
probe 26112 -19.837009
probe 26304 -22.230534
probe 26496 -20.818752
probe 26688 -19.166588
probe 26880 -22.532467
probe 27072 -28.194124
probe 27264 -20.346338
probe 27456 -13.582870
probe 27648 -17.720411
probe 27840 -20.525896
probe 28032 -22.011606
probe 28224 -23.395107
probe 28416 -15.630547
probe 28608 -18.465900
probe 28800 -22.563534
probe 28992 -18.509882
probe 29184 -22.145601
probe 29376 -24.140856
probe 29568 -24.388281
probe 29760 -18.930105
probe 29952 -23.617937
probe 30144 -22.380163
probe 30336 -20.800632
probe 30528 -16.946339
probe 30720 -24.783766
probe 30912 -22.310354
probe 31104 -24.710033
probe 31296 -18.620226
probe 31488 -18.273521
probe 31680 -19.700405
probe 31872 -18.095032
probe 32064 -18.881310
probe 32256 -24.107412
probe 32448 -19.281967
probe 32640 -22.646927
probe 32832 -23.912655
probe 33024 -17.606213
probe 33216 -15.145149
probe 33408 -22.313936
probe 33600 -19.565517
probe 33792 -18.350231
probe 33984 -18.011368
probe 34176 -25.994902
probe 34368 -22.943392
probe 34560 -20.821772
probe 34752 -21.873613
probe 34944 -19.141321
probe 35136 -17.725742
probe 35328 -21.793734
probe 35520 -21.557362
probe 35712 -14.590983
probe 35904 -19.588074
probe 36096 -13.654035
probe 36288 -27.840443
probe 36480 -19.716515
probe 36672 -20.273962
probe 36864 -20.380966
probe 37056 -22.344297
probe 37248 -19.013926
probe 37440 -29.305225
probe 37632 -20.608978
probe 37824 -18.692829
probe 38016 -22.578730
probe 38208 -21.077976
probe 38400 -19.807951
probe 38592 -23.326799
probe 38784 -17.566650
probe 38976 -21.109232
probe 39168 -18.579844
probe 39360 -18.643457
probe 39552 -24.141354
probe 39744 -22.937738
probe 39936 -26.086626
probe 40128 -25.649790
probe 40320 -29.497284
probe 40512 -17.474630
probe 40704 -17.684595
probe 40896 -20.851522
probe 41088 -22.296400
probe 41280 -21.202780
probe 41472 -14.631037
probe 41664 -25.100161
probe 41856 -20.617800
probe 42048 -20.319246
probe 42240 -22.545294
probe 42432 -19.397642
probe 42624 -21.187511
probe 42816 -20.711012
probe 43008 -21.971582
probe 43200 -22.238871
probe 43392 -16.495440
probe 43584 -15.516364
probe 43776 -21.409918
probe 43968 -18.177628
probe 44160 -18.590891
probe 44352 -22.934320
probe 44544 -20.656303
probe 44736 -19.796200
probe 44928 -22.315783
probe 45120 -12.423096
probe 45312 -22.431417
probe 45504 -13.661949
probe 45696 -27.405516
probe 45888 -24.272966
probe 46080 -25.762064
probe 46272 -22.557642
probe 46464 -20.722622
probe 46656 -23.168341
probe 46848 -18.990572
probe 47040 -22.338423
probe 47232 -25.291044
probe 47424 -24.871500
probe 47616 -21.651407
probe 47808 -23.558592
probe 48000 -25.452513
probe 48192 -23.880438
probe 48384 -16.773367
probe 48576 -22.058802
probe 48768 -21.446730
probe 48960 -24.408361
