# molla logit reference. Written by scripts/gen-logits.py.
# Every number below came out of llama.cpp reading this exact file.
oracle llama.cpp b10470 34af94cd9
backend default
name smollm2-q4_0-capital
model SmolLM2-135M-Instruct-Q8_0-q4_0.gguf
bytes 77571424
layers 30
width 576
vocab 49152
prompt The capital of France is
tokens 504 3575 282 4649 314
layer 0 5 -7.550049 -0.0459 0.0000 -0.0459 0.1461 0.1044 -0.0417
layer 1 5 -57.747330 2.4102 -0.7091 -0.7400 -0.1768 -0.3738 -0.0572
layer 2 5 101.918785 2.3502 0.7366 -1.4826 -0.0114 -0.6557 0.0629
layer 3 5 478.866486 1.9457 0.9999 -1.3923 0.0080 -1.5679 0.5910
layer 4 5 457.728699 2.2917 0.2056 -2.0245 0.9672 -2.2758 -0.5467
layer 5 5 474.455658 1.8147 -0.6579 -1.9408 1.5272 -3.0940 -1.0628
layer 6 5 423.119537 2.5901 -0.6238 -2.0354 0.4246 -2.4117 -0.0772
layer 7 5 327.037811 2.7464 -0.2996 -2.0976 0.5222 -2.3184 -0.6087
layer 8 5 263.671753 2.7878 -0.7488 -2.8225 -0.3599 -1.6539 -1.2077
layer 9 5 134.869293 3.0401 -0.0377 -4.3788 0.0727 -2.4523 -1.0689
layer 10 5 -199.999695 4.2115 0.2718 -5.0162 -0.8497 -2.7328 -1.2759
layer 11 5 -200.275620 4.7209 0.9830 -5.2808 -1.5608 -1.7309 -1.1166
layer 12 5 23881.664062 5.5893 0.4728 -7.2818 1.3258 0.6639 -1.2308
layer 13 5 23854.890625 5.3389 -0.1512 -10.2671 2.7656 -0.2256 -0.2236
layer 14 5 23877.724609 5.6499 -0.1107 -10.0314 3.2345 -1.9770 -0.6118
layer 15 5 23862.179688 6.1036 -2.6340 -9.8068 5.3370 0.3208 -0.3772
layer 16 5 23784.601562 7.5425 -1.8586 -9.8267 4.8561 -0.5330 0.1373
layer 17 5 23851.046875 6.5581 -1.3532 -9.7046 4.6883 -3.3388 -1.3260
layer 18 5 23715.583984 8.0350 -2.3835 -9.3879 5.3822 -3.7870 -0.2830
layer 19 5 23889.628906 8.9243 -3.3537 -11.1178 5.0383 -3.1896 0.1076
layer 20 5 23796.933594 9.2796 -2.5063 -11.0026 3.8342 -0.6562 4.0397
layer 21 5 23762.296875 7.4006 -5.1393 -10.2090 3.7898 -0.1508 6.4696
layer 22 5 23973.414062 5.6423 -11.7432 -11.0104 0.8606 -2.3072 8.8068
layer 23 5 24578.837891 1.5164 -13.9033 -10.5106 -3.4118 -0.2115 9.7213
layer 24 5 24417.681641 -0.2213 -22.1810 -8.8583 -2.3908 -5.8793 6.4206
layer 25 5 25236.853516 -2.1979 -25.9620 -5.9716 4.9195 1.8546 9.7723
layer 26 5 25499.751953 -7.6102 -26.1606 -7.4243 -2.8587 9.0799 10.7375
layer 27 5 25969.994141 -1.8838 -31.6350 -8.4089 -2.2569 5.5293 10.8230
layer 28 5 25951.527344 -12.6016 -40.5272 -4.7170 -7.8710 -3.0226 10.0144
layer 29 5 12658.460938 -1.2361 -38.5581 -6.3332 -14.6340 2.9398 7.4092
layer 30 1 1643.527832 -0.7395 -25.1888 -5.0678 -15.3080 -2.0468 -22.4205
layer 31 1 67.078667 -0.0425 -1.4976 -0.2948 -0.9414 -0.1285 -1.4532
top 260 -0.292443
top 7042 -2.304663
top 3807 -3.961004
top 281 -4.868741
top 418 -5.157691
top 441 -5.195650
top 1217 -5.318348
top 253 -5.470308
top 1343 -5.720260
top 2250 -5.919980
top 11574 -6.073586
top 4112 -6.240756
top 915 -6.251985
top 28 -6.267540
top 216 -6.285459
top 656 -6.298103
top 13010 -6.332780
top 2026 -6.347693
top 450 -6.421984
top 597 -6.535980
top 1062 -6.545964
top 414 -6.571942
top 2837 -6.627825
top 5145 -6.678460
top 837 -6.701796
top 6066 -6.825509
top 6392 -6.831514
top 19458 -6.838836
top 3869 -6.857206
top 288 -6.893262
top 678 -6.913970
top 42 -6.947379
top 3692 -6.953761
top 354 -6.971100
top 378 -6.971848
top 426 -6.991636
top 1036 -7.071880
top 6660 -7.082997
top 624 -7.196131
top 1478 -7.216982
top 1129 -7.236892
top 731 -7.270700
top 3575 -7.273501
top 22867 -7.297954
top 389 -7.320930
top 15342 -7.324906
top 34826 -7.339149
top 4528 -7.351113
top 625 -7.371758
top 2390 -7.388253
top 827 -7.391737
top 37628 -7.396613
top 805 -7.417795
top 1535 -7.438337
top 9295 -7.536110
top 816 -7.565754
top 3408 -7.619910
top 582 -7.695878
top 6610 -7.701368
top 3100 -7.705745
top 338 -7.734378
top 3178 -7.736455
top 347 -7.768104
top 563 -7.773738
probe 0 -13.930086
probe 192 -23.281479
probe 384 -12.703155
probe 576 -22.436686
probe 768 -10.864606
probe 960 -19.116806
probe 1152 -15.974357
probe 1344 -19.062757
probe 1536 -19.454987
probe 1728 -17.906712
probe 1920 -18.392467
probe 2112 -14.855802
probe 2304 -13.977260
probe 2496 -17.040852
probe 2688 -14.176990
probe 2880 -15.804533
probe 3072 -22.890369
probe 3264 -15.294831
probe 3456 -18.405771
probe 3648 -20.841795
probe 3840 -20.295366
probe 4032 -19.949316
probe 4224 -19.893517
probe 4416 -18.529396
probe 4608 -14.121028
probe 4800 -22.039341
probe 4992 -16.756769
probe 5184 -14.854552
probe 5376 -16.762575
probe 5568 -17.627590
probe 5760 -16.699511
probe 5952 -20.421848
probe 6144 -18.577246
probe 6336 -25.407799
probe 6528 -15.030909
probe 6720 -16.193827
probe 6912 -9.018452
probe 7104 -16.582954
probe 7296 -13.343968
probe 7488 -16.687265
probe 7680 -16.237858
probe 7872 -18.166246
probe 8064 -16.264616
probe 8256 -29.631275
probe 8448 -21.471498
probe 8640 -19.592339
probe 8832 -20.267433
probe 9024 -19.039911
probe 9216 -17.170097
probe 9408 -16.502914
probe 9600 -24.180586
probe 9792 -19.636126
probe 9984 -13.886733
probe 10176 -13.666179
probe 10368 -24.785503
probe 10560 -15.720685
probe 10752 -18.668461
probe 10944 -19.276957
probe 11136 -19.940294
probe 11328 -15.495255
probe 11520 -18.826283
probe 11712 -16.940903
probe 11904 -13.661038
probe 12096 -20.396830
probe 12288 -14.605968
probe 12480 -17.897280
probe 12672 -27.895565
probe 12864 -27.605816
probe 13056 -20.560486
probe 13248 -22.608919
probe 13440 -18.625561
probe 13632 -17.454144
probe 13824 -14.250937
probe 14016 -16.766418
probe 14208 -20.866516
probe 14400 -15.212948
probe 14592 -21.336876
probe 14784 -15.768481
probe 14976 -13.895572
probe 15168 -16.255974
probe 15360 -15.772825
probe 15552 -15.467810
probe 15744 -19.768120
probe 15936 -15.545085
probe 16128 -19.454245
probe 16320 -14.240968
probe 16512 -21.339235
probe 16704 -16.021212
probe 16896 -18.492052
probe 17088 -21.327724
probe 17280 -13.322335
probe 17472 -19.721415
probe 17664 -19.514488
probe 17856 -22.576654
probe 18048 -18.067886
probe 18240 -21.899538
probe 18432 -24.577217
probe 18624 -17.739828
probe 18816 -16.967964
probe 19008 -18.081816
probe 19200 -19.015146
probe 19392 -24.848627
probe 19584 -22.208925
probe 19776 -21.171606
probe 19968 -18.106281
probe 20160 -21.320574
probe 20352 -22.121134
probe 20544 -17.655079
probe 20736 -23.806858
probe 20928 -18.512386
probe 21120 -19.224369
probe 21312 -15.352799
probe 21504 -24.025055
probe 21696 -18.741385
probe 21888 -21.930380
probe 22080 -15.021684
probe 22272 -21.796350
probe 22464 -23.687832
probe 22656 -16.528316
probe 22848 -15.290151
probe 23040 -14.382279
probe 23232 -27.495239
probe 23424 -15.851687
probe 23616 -19.778675
probe 23808 -16.808607
probe 24000 -14.903298
probe 24192 -22.443552
probe 24384 -19.833935
probe 24576 -19.686213
probe 24768 -22.263382
probe 24960 -22.531916
probe 25152 -16.526150
probe 25344 -13.406934
probe 25536 -23.015869
probe 25728 -21.774233
probe 25920 -21.629026
probe 26112 -21.839642
probe 26304 -23.274376
probe 26496 -22.942276
probe 26688 -18.847942
probe 26880 -21.071796
probe 27072 -30.084690
probe 27264 -20.609226
probe 27456 -14.782855
probe 27648 -16.060640
probe 27840 -21.275785
probe 28032 -21.128071
probe 28224 -21.823841
probe 28416 -17.407568
probe 28608 -15.561935
probe 28800 -21.371243
probe 28992 -19.697790
probe 29184 -21.361565
probe 29376 -22.585335
probe 29568 -21.927746
probe 29760 -20.923304
probe 29952 -19.578838
probe 30144 -25.031355
probe 30336 -20.014950
probe 30528 -18.365135
probe 30720 -24.570177
probe 30912 -20.801289
probe 31104 -22.210697
probe 31296 -20.654503
probe 31488 -19.609070
probe 31680 -24.091303
probe 31872 -17.644722
probe 32064 -20.875380
probe 32256 -24.378319
probe 32448 -20.462620
probe 32640 -22.064569
probe 32832 -23.445353
probe 33024 -17.598871
probe 33216 -13.607431
probe 33408 -20.500830
probe 33600 -22.173847
probe 33792 -18.701067
probe 33984 -16.916607
probe 34176 -27.082233
probe 34368 -22.011114
probe 34560 -21.115162
probe 34752 -23.204348
probe 34944 -20.916515
probe 35136 -18.108076
probe 35328 -22.072819
probe 35520 -22.728098
probe 35712 -13.895700
probe 35904 -20.225992
probe 36096 -16.179245
probe 36288 -28.237316
probe 36480 -19.278481
probe 36672 -18.903070
probe 36864 -20.043928
probe 37056 -21.436794
probe 37248 -18.917423
probe 37440 -26.542294
probe 37632 -21.020855
probe 37824 -21.103632
probe 38016 -23.135489
probe 38208 -18.581696
probe 38400 -18.657743
probe 38592 -22.014959
probe 38784 -20.147152
probe 38976 -21.846266
probe 39168 -17.660906
probe 39360 -17.600939
probe 39552 -22.160812
probe 39744 -19.935101
probe 39936 -21.837330
probe 40128 -24.354979
probe 40320 -28.316181
probe 40512 -13.490603
probe 40704 -19.454203
probe 40896 -21.929947
probe 41088 -19.908436
probe 41280 -21.977797
probe 41472 -15.725234
probe 41664 -25.110569
probe 41856 -19.599039
probe 42048 -21.079132
probe 42240 -21.547592
probe 42432 -21.853733
probe 42624 -19.498520
probe 42816 -22.330288
probe 43008 -22.189247
probe 43200 -23.950476
probe 43392 -16.859591
probe 43584 -14.398567
probe 43776 -21.416544
probe 43968 -18.707886
probe 44160 -17.490015
probe 44352 -21.443151
probe 44544 -21.439674
probe 44736 -19.514751
probe 44928 -21.417725
probe 45120 -14.760427
probe 45312 -19.083849
probe 45504 -13.614717
probe 45696 -23.905237
probe 45888 -23.596178
probe 46080 -25.728434
probe 46272 -21.987158
probe 46464 -17.417204
probe 46656 -22.279961
probe 46848 -20.479069
probe 47040 -21.318668
probe 47232 -23.673359
probe 47424 -21.748449
probe 47616 -23.956924
probe 47808 -25.902081
probe 48000 -26.171520
probe 48192 -22.592249
probe 48384 -17.057838
probe 48576 -23.061378
probe 48768 -20.299425
probe 48960 -22.274738
