# molla logit reference. Written by scripts/gen-logits.py.
# Every number below came out of llama.cpp reading this exact file.
oracle llama.cpp b10470 34af94cd9
backend default
name smollm2-q5_1-capital
model SmolLM2-135M-Instruct-Q8_0-q5_1.gguf
bytes 102786400
layers 30
width 576
vocab 49152
prompt The capital of France is
tokens 504 3575 282 4649 314
layer 0 5 -7.473137 -0.0499 0.0060 -0.0686 0.1433 0.0933 -0.0469
layer 1 5 -60.900059 2.1570 -0.8007 -1.0025 -0.2617 -0.4988 0.0337
layer 2 5 74.091148 2.1988 0.6138 -2.0216 -0.0756 -0.8381 0.1438
layer 3 5 411.253815 1.9204 0.6939 -1.9289 -0.1286 -1.6153 0.9575
layer 4 5 418.544434 2.4719 -0.4101 -2.6075 0.7158 -1.9807 -0.6170
layer 5 5 458.312714 2.0343 -0.7384 -2.5653 1.3099 -3.2344 -1.0595
layer 6 5 368.546600 2.9386 -0.6982 -2.4310 0.0557 -2.6769 0.0598
layer 7 5 271.150970 3.0855 -0.4301 -2.1116 0.0394 -2.9157 -0.5292
layer 8 5 184.499405 2.9860 -0.7797 -2.6542 -0.6618 -2.1010 -1.2250
layer 9 5 51.113926 3.6129 -0.3021 -3.5998 0.3950 -2.4775 -0.6237
layer 10 5 -146.366638 4.4070 -0.4276 -3.4967 -0.8781 -2.8157 -0.9732
layer 11 5 -178.099472 5.2096 0.7232 -3.2987 -0.6996 -2.0196 -0.7902
layer 12 5 26160.892578 5.2768 -0.5245 -5.8654 1.5821 0.3598 -0.1054
layer 13 5 26110.015625 5.5852 -1.9919 -9.4311 1.9275 0.6803 -2.0263
layer 14 5 26160.884766 5.9510 -1.5237 -8.8698 1.9227 -1.0619 -1.5571
layer 15 5 26208.533203 5.0023 -5.2964 -9.8821 4.7048 2.2776 -1.3584
layer 16 5 26235.345703 5.5641 -4.1934 -9.7556 5.3668 2.1556 -1.3750
layer 17 5 26305.333984 4.4069 -2.3997 -9.3533 5.5653 -0.5211 -2.0538
layer 18 5 26117.419922 5.6322 -3.2612 -9.1783 5.9385 -0.9760 -1.3109
layer 19 5 26242.681641 6.2269 -2.8859 -10.3613 4.8398 -0.6084 -1.2090
layer 20 5 26187.644531 5.9076 -2.8781 -9.6978 3.3554 1.7208 1.7079
layer 21 5 26041.595703 3.5520 -4.7323 -8.7072 2.9465 0.6494 4.9478
layer 22 5 26179.300781 0.6673 -9.8559 -9.2832 0.5662 -3.9697 7.6751
layer 23 5 26866.937500 -2.3118 -11.5679 -7.6904 -2.1392 -3.7985 8.3867
layer 24 5 26586.521484 -5.7517 -23.5081 -8.8250 -3.0664 -10.3695 9.2465
layer 25 5 27443.966797 -5.8352 -27.6460 -4.6914 3.9776 -3.7589 12.7142
layer 26 5 27810.248047 -9.8808 -28.1889 -6.1977 -3.4005 1.2146 12.1258
layer 27 5 28549.144531 -3.4043 -37.1606 -6.6784 -6.5346 -0.1606 12.8491
layer 28 5 29950.431641 -8.1547 -40.7262 -1.5022 -14.2029 -7.8759 14.0202
layer 29 5 15530.568359 2.7794 -42.4954 2.6950 -15.4328 -2.2302 14.9276
layer 30 1 1013.613586 -2.7906 -34.9121 -5.3472 -15.1161 -8.1735 -15.5348
layer 31 1 40.737385 -0.1857 -2.4057 -0.3606 -1.0774 -0.5946 -1.1670
top 7042 -0.894098
top 260 -1.085712
top 3807 -2.933768
top 253 -4.292426
top 2250 -4.521201
top 1217 -4.940759
top 1280 -5.055097
top 441 -5.087242
top 13010 -5.094914
top 5145 -5.241237
top 3692 -5.262426
top 678 -5.276069
top 625 -5.456057
top 1343 -5.515210
top 5549 -5.531110
top 36702 -5.532145
top 37628 -5.549383
top 198 -5.664077
top 4206 -5.723279
top 378 -5.838484
top 10757 -5.959237
top 216 -5.979568
top 15342 -6.034041
top 414 -6.051401
top 597 -6.275908
top 2473 -6.297161
top 3575 -6.392454
top 476 -6.415624
top 3431 -6.501643
top 6483 -6.514691
top 942 -6.521690
top 3365 -6.571263
top 1129 -6.586414
top 933 -6.621654
top 6392 -6.624819
top 34826 -6.643909
top 3408 -6.821462
top 426 -6.930707
top 450 -6.967111
top 1036 -6.990911
top 3178 -7.007000
top 27713 -7.095424
top 14089 -7.135203
top 5763 -7.171340
top 9543 -7.222693
top 28 -7.226639
top 2026 -7.235675
top 5991 -7.296693
top 281 -7.308821
top 4723 -7.378078
top 2221 -7.432628
top 4649 -7.467836
top 6660 -7.590379
top 422 -7.594845
top 7709 -7.596457
top 45927 -7.627095
top 4731 -7.643727
top 340 -7.649570
top 9807 -7.716297
top 10000 -7.729125
top 354 -7.738331
top 10031 -7.746459
top 1268 -7.764067
top 717 -7.770909
probe 0 -14.232700
probe 192 -23.427977
probe 384 -13.622754
probe 576 -21.424055
probe 768 -12.901418
probe 960 -19.992201
probe 1152 -16.602715
probe 1344 -19.974140
probe 1536 -20.233860
probe 1728 -17.084719
probe 1920 -18.845259
probe 2112 -15.154340
probe 2304 -12.259272
probe 2496 -16.512508
probe 2688 -14.378117
probe 2880 -19.043270
probe 3072 -25.361540
probe 3264 -13.593574
probe 3456 -16.759956
probe 3648 -24.032873
probe 3840 -19.328808
probe 4032 -19.059160
probe 4224 -21.421530
probe 4416 -19.420357
probe 4608 -15.461196
probe 4800 -23.431761
probe 4992 -19.007929
probe 5184 -13.518941
probe 5376 -16.183718
probe 5568 -17.161100
probe 5760 -15.082783
probe 5952 -18.426624
probe 6144 -17.801876
probe 6336 -25.122572
probe 6528 -15.589668
probe 6720 -17.548571
probe 6912 -8.148641
probe 7104 -15.835428
probe 7296 -11.595555
probe 7488 -16.244299
probe 7680 -15.841952
probe 7872 -19.502962
probe 8064 -16.184696
probe 8256 -31.094664
probe 8448 -21.610821
probe 8640 -20.283913
probe 8832 -21.293678
probe 9024 -17.715206
probe 9216 -16.398685
probe 9408 -17.206341
probe 9600 -22.701654
probe 9792 -19.617004
probe 9984 -15.846279
probe 10176 -13.276661
probe 10368 -22.983578
probe 10560 -15.497309
probe 10752 -15.405785
probe 10944 -19.054438
probe 11136 -19.605358
probe 11328 -15.213946
probe 11520 -18.716042
probe 11712 -16.660744
probe 11904 -17.297363
probe 12096 -19.961761
probe 12288 -14.801452
probe 12480 -18.229347
probe 12672 -27.168091
probe 12864 -30.073502
probe 13056 -19.445169
probe 13248 -22.927441
probe 13440 -17.703516
probe 13632 -18.598146
probe 13824 -12.843003
probe 14016 -16.734907
probe 14208 -19.788675
probe 14400 -16.757998
probe 14592 -19.531557
probe 14784 -17.526443
probe 14976 -12.483516
probe 15168 -15.583202
probe 15360 -15.287381
probe 15552 -14.557697
probe 15744 -17.575258
probe 15936 -16.683535
probe 16128 -16.546032
probe 16320 -12.193763
probe 16512 -20.682688
probe 16704 -17.500389
probe 16896 -20.558901
probe 17088 -21.099516
probe 17280 -15.904078
probe 17472 -17.317711
probe 17664 -19.581299
probe 17856 -20.688215
probe 18048 -20.622206
probe 18240 -22.487904
probe 18432 -23.659101
probe 18624 -20.149424
probe 18816 -17.165417
probe 19008 -19.068638
probe 19200 -16.260994
probe 19392 -23.434389
probe 19584 -21.637539
probe 19776 -21.146816
probe 19968 -15.730754
probe 20160 -22.857676
probe 20352 -22.878920
probe 20544 -18.935293
probe 20736 -21.701031
probe 20928 -18.612244
probe 21120 -19.884212
probe 21312 -16.313475
probe 21504 -26.225094
probe 21696 -18.017027
probe 21888 -20.108498
probe 22080 -15.555573
probe 22272 -21.097126
probe 22464 -24.496286
probe 22656 -20.105093
probe 22848 -13.740678
probe 23040 -14.992084
probe 23232 -26.373283
probe 23424 -14.128178
probe 23616 -18.542616
probe 23808 -13.700208
probe 24000 -15.605590
probe 24192 -26.690649
probe 24384 -21.888613
probe 24576 -19.259129
probe 24768 -25.952223
probe 24960 -22.017458
probe 25152 -17.880571
probe 25344 -13.147153
probe 25536 -23.898142
probe 25728 -22.030310
probe 25920 -21.534803
probe 26112 -20.882425
probe 26304 -21.076748
probe 26496 -20.319635
probe 26688 -18.247856
probe 26880 -22.384821
probe 27072 -28.777929
probe 27264 -19.008236
probe 27456 -12.714391
probe 27648 -15.701655
probe 27840 -21.513840
probe 28032 -21.960880
probe 28224 -23.688471
probe 28416 -15.582579
probe 28608 -15.884907
probe 28800 -23.091017
probe 28992 -18.816732
probe 29184 -19.782877
probe 29376 -22.835131
probe 29568 -24.548532
probe 29760 -19.663864
probe 29952 -22.898260
probe 30144 -21.754795
probe 30336 -21.812210
probe 30528 -16.723778
probe 30720 -24.731928
probe 30912 -21.409906
probe 31104 -23.458973
probe 31296 -18.662483
probe 31488 -17.828716
probe 31680 -20.767971
probe 31872 -19.908520
probe 32064 -20.123329
probe 32256 -24.102598
probe 32448 -20.696732
probe 32640 -23.909658
probe 32832 -22.322239
probe 33024 -15.221373
probe 33216 -14.472409
probe 33408 -24.230543
probe 33600 -19.569126
probe 33792 -16.407621
probe 33984 -16.938467
probe 34176 -27.833092
probe 34368 -22.428499
probe 34560 -19.660017
probe 34752 -22.644941
probe 34944 -17.119881
probe 35136 -16.696819
probe 35328 -21.618044
probe 35520 -23.025869
probe 35712 -14.401052
probe 35904 -17.721315
probe 36096 -14.118566
probe 36288 -26.420691
probe 36480 -18.070677
probe 36672 -19.488228
probe 36864 -20.709356
probe 37056 -23.265600
probe 37248 -17.952358
probe 37440 -27.679667
probe 37632 -22.327061
probe 37824 -18.690609
probe 38016 -21.962786
probe 38208 -19.301180
probe 38400 -17.168819
probe 38592 -22.136730
probe 38784 -18.460953
probe 38976 -22.595469
probe 39168 -17.973577
probe 39360 -18.603107
probe 39552 -24.010370
probe 39744 -21.046190
probe 39936 -24.138130
probe 40128 -25.174021
probe 40320 -28.529186
probe 40512 -17.544247
probe 40704 -17.834579
probe 40896 -21.610636
probe 41088 -21.599260
probe 41280 -21.087822
probe 41472 -15.019948
probe 41664 -23.220175
probe 41856 -21.360338
probe 42048 -19.075878
probe 42240 -24.563065
probe 42432 -19.861567
probe 42624 -21.345123
probe 42816 -22.469915
probe 43008 -20.400782
probe 43200 -21.709650
probe 43392 -17.008747
probe 43584 -16.421984
probe 43776 -22.324255
probe 43968 -20.797815
probe 44160 -16.531969
probe 44352 -24.234716
probe 44544 -20.128387
probe 44736 -19.935734
probe 44928 -22.191328
probe 45120 -12.604295
probe 45312 -22.099424
probe 45504 -13.248139
probe 45696 -26.125053
probe 45888 -23.267054
probe 46080 -26.024145
probe 46272 -22.802523
probe 46464 -19.207642
probe 46656 -21.682703
probe 46848 -18.695929
probe 47040 -20.446810
probe 47232 -26.348997
probe 47424 -22.493471
probe 47616 -22.104914
probe 47808 -24.702549
probe 48000 -25.175388
probe 48192 -24.332672
probe 48384 -16.760384
probe 48576 -21.186579
probe 48768 -22.358681
probe 48960 -23.653564
