# molla logit reference. Written by scripts/gen-logits.py.
# Every number below came out of llama.cpp reading this exact file.
oracle llama.cpp b10470 34af94cd9
backend default
name smollm2-q5_k-capital
model SmolLM2-135M-Instruct-Q8_0-q5_k_m.gguf
bytes 101127520
layers 30
width 576
vocab 49152
prompt The capital of France is
tokens 504 3575 282 4649 314
layer 0 5 -7.473137 -0.0499 0.0060 -0.0686 0.1433 0.0933 -0.0469
layer 1 5 -66.078728 2.2380 -0.7063 -1.0514 -0.2250 -0.5031 0.0339
layer 2 5 71.424614 2.3186 0.6922 -2.0399 -0.0871 -0.9053 0.0732
layer 3 5 381.345154 2.0357 0.7349 -1.9719 -0.1179 -1.6569 0.8608
layer 4 5 388.298309 2.5909 -0.3053 -2.6533 0.6821 -2.0764 -0.7904
layer 5 5 432.765594 2.2086 -0.5425 -2.6495 1.2389 -3.2524 -1.1408
layer 6 5 350.247284 3.1137 -0.5486 -2.5324 0.1380 -2.7789 0.0021
layer 7 5 251.023407 3.1892 -0.3663 -2.0794 0.0501 -3.0032 -0.4870
layer 8 5 182.511093 3.1794 -0.8158 -2.6762 -0.7617 -2.1142 -1.2324
layer 9 5 42.615154 3.5237 -0.3897 -3.5147 0.2776 -2.6602 -0.7255
layer 10 5 -147.170761 4.3200 -0.4497 -3.5714 -0.7876 -2.9022 -1.0441
layer 11 5 -180.335571 5.1025 0.8097 -3.3663 -0.8058 -1.7770 -0.9633
layer 12 5 24321.335938 4.8626 -0.0861 -5.6468 1.3470 0.2671 -0.3789
layer 13 5 24270.492188 4.7886 -1.9387 -9.0858 1.9522 0.2460 -2.3109
layer 14 5 24343.986328 5.0749 -1.3949 -7.7952 2.3283 -0.7158 -1.4838
layer 15 5 24338.964844 4.0196 -4.7424 -8.4908 5.0135 1.7619 -1.0848
layer 16 5 24401.193359 4.6584 -3.9082 -8.0838 5.3221 1.3631 -0.8718
layer 17 5 24439.000000 3.7627 -2.2573 -7.4516 6.1435 -1.5008 -1.6865
layer 18 5 24277.013672 5.3198 -3.2406 -7.6254 6.9774 -2.1299 -0.9891
layer 19 5 24383.142578 6.0307 -3.3423 -8.9237 5.6424 -1.4621 -1.1129
layer 20 5 24308.775391 5.9991 -3.6476 -8.3745 3.7812 1.4461 2.2865
layer 21 5 24177.048828 3.8680 -5.8326 -7.5962 2.4783 0.1138 4.4537
layer 22 5 24307.884766 1.2779 -11.1051 -8.3033 -0.0678 -3.9574 6.4829
layer 23 5 25002.416016 -1.7684 -13.4323 -6.9717 -3.3806 -3.6862 7.1566
layer 24 5 24609.205078 -5.5503 -24.3453 -8.9218 -3.6136 -8.4945 6.5976
layer 25 5 25464.125000 -6.1865 -28.7020 -5.8156 4.0034 -2.0953 8.6063
layer 26 5 25808.535156 -9.3475 -29.1090 -8.0930 -3.4263 2.4306 9.5846
layer 27 5 26476.853516 -0.1963 -37.9267 -8.9796 -6.3229 0.7178 10.1987
layer 28 5 27812.546875 -6.8800 -40.4860 -2.6465 -12.3927 -7.4892 9.5161
layer 29 5 12837.684570 2.4339 -40.3059 1.4379 -12.7531 -3.1484 8.4858
layer 30 1 1057.412964 -2.6117 -30.7454 -6.7641 -11.2554 -7.2905 -22.9310
layer 31 1 43.492023 -0.1741 -2.1226 -0.4570 -0.8037 -0.5314 -1.7258
top 7042 -0.962103
top 260 -1.296564
top 3807 -1.869659
top 13010 -4.355479
top 1217 -4.622048
top 5145 -4.780270
top 2250 -4.795101
top 253 -4.828205
top 3692 -5.196729
top 625 -5.284947
top 597 -5.326944
top 10757 -5.469791
top 198 -5.626028
top 678 -5.743599
top 1280 -5.791508
top 1343 -5.833773
top 441 -5.890477
top 15342 -5.960264
top 3365 -5.962941
top 5549 -5.986379
top 4206 -6.223983
top 37628 -6.303478
top 3408 -6.308588
top 450 -6.310813
top 9543 -6.331959
top 28 -6.378666
top 6483 -6.481585
top 281 -6.485933
top 418 -6.618306
top 3431 -6.627330
top 36702 -6.636549
top 378 -6.652775
top 414 -6.681907
top 34826 -6.734158
top 216 -6.760221
top 624 -6.780722
top 2473 -6.786723
top 1268 -6.878288
top 942 -6.912663
top 3178 -6.921327
top 27713 -6.938911
top 1036 -6.992681
top 10000 -7.019098
top 6392 -7.021118
top 3575 -7.111715
top 1315 -7.115814
top 1129 -7.199745
top 2026 -7.229073
top 5991 -7.290950
top 6660 -7.355704
top 2221 -7.402736
top 2581 -7.431864
top 933 -7.437965
top 14089 -7.440048
top 4528 -7.448587
top 5763 -7.492116
top 21013 -7.495417
top 2837 -7.511344
top 389 -7.551035
top 476 -7.570470
top 426 -7.572062
top 1062 -7.580221
top 11583 -7.606771
top 38034 -7.628067
probe 0 -12.796841
probe 192 -22.497171
probe 384 -13.606730
probe 576 -21.466784
probe 768 -12.522108
probe 960 -20.063505
probe 1152 -17.053644
probe 1344 -18.922636
probe 1536 -19.634382
probe 1728 -18.011763
probe 1920 -18.922504
probe 2112 -15.314898
probe 2304 -12.308097
probe 2496 -16.866619
probe 2688 -14.365080
probe 2880 -17.811035
probe 3072 -25.501404
probe 3264 -13.758849
probe 3456 -17.147896
probe 3648 -24.242073
probe 3840 -20.132566
probe 4032 -19.933161
probe 4224 -21.061846
probe 4416 -19.490458
probe 4608 -14.719860
probe 4800 -24.430483
probe 4992 -18.959877
probe 5184 -13.568542
probe 5376 -16.573214
probe 5568 -16.484106
probe 5760 -15.415254
probe 5952 -18.663588
probe 6144 -18.498381
probe 6336 -25.378977
probe 6528 -14.814783
probe 6720 -16.964897
probe 6912 -7.726430
probe 7104 -16.247972
probe 7296 -11.885038
probe 7488 -15.520914
probe 7680 -15.578104
probe 7872 -19.842545
probe 8064 -16.734547
probe 8256 -30.527721
probe 8448 -21.870327
probe 8640 -20.803471
probe 8832 -20.875883
probe 9024 -17.922121
probe 9216 -16.878334
probe 9408 -17.572784
probe 9600 -22.631962
probe 9792 -19.747116
probe 9984 -16.719402
probe 10176 -13.832696
probe 10368 -23.114309
probe 10560 -16.003853
probe 10752 -16.039778
probe 10944 -19.118513
probe 11136 -19.357149
probe 11328 -14.705929
probe 11520 -19.163460
probe 11712 -16.294342
probe 11904 -16.397137
probe 12096 -19.120298
probe 12288 -15.130053
probe 12480 -18.259851
probe 12672 -26.943090
probe 12864 -29.992094
probe 13056 -19.650826
probe 13248 -22.929571
probe 13440 -18.464146
probe 13632 -18.636734
probe 13824 -13.757595
probe 14016 -16.738680
probe 14208 -20.055801
probe 14400 -17.652800
probe 14592 -18.756550
probe 14784 -16.919359
probe 14976 -13.015988
probe 15168 -15.701859
probe 15360 -15.103735
probe 15552 -14.599190
probe 15744 -18.026537
probe 15936 -17.157860
probe 16128 -17.957285
probe 16320 -12.272168
probe 16512 -20.430635
probe 16704 -17.368319
probe 16896 -20.216330
probe 17088 -21.013384
probe 17280 -16.915102
probe 17472 -17.927479
probe 17664 -19.287573
probe 17856 -21.879625
probe 18048 -19.566679
probe 18240 -23.207069
probe 18432 -24.703056
probe 18624 -19.669104
probe 18816 -17.385271
probe 19008 -19.716761
probe 19200 -18.182665
probe 19392 -23.819210
probe 19584 -22.399250
probe 19776 -20.466837
probe 19968 -16.540668
probe 20160 -22.158567
probe 20352 -23.526810
probe 20544 -19.193811
probe 20736 -22.977705
probe 20928 -18.713694
probe 21120 -19.992388
probe 21312 -17.101015
probe 21504 -26.101707
probe 21696 -17.743507
probe 21888 -20.419605
probe 22080 -15.307368
probe 22272 -21.151461
probe 22464 -24.612230
probe 22656 -19.876364
probe 22848 -14.164975
probe 23040 -14.374598
probe 23232 -27.224247
probe 23424 -14.465490
probe 23616 -18.369160
probe 23808 -14.099232
probe 24000 -15.400467
probe 24192 -26.775738
probe 24384 -21.518995
probe 24576 -19.516071
probe 24768 -25.586817
probe 24960 -22.326580
probe 25152 -17.363197
probe 25344 -12.547591
probe 25536 -24.256622
probe 25728 -21.595470
probe 25920 -22.261948
probe 26112 -20.927034
probe 26304 -22.016859
probe 26496 -19.481091
probe 26688 -18.634750
probe 26880 -22.126890
probe 27072 -29.136902
probe 27264 -18.889984
probe 27456 -14.348487
probe 27648 -16.055519
probe 27840 -21.757893
probe 28032 -22.506872
probe 28224 -22.806993
probe 28416 -15.948067
probe 28608 -16.044912
probe 28800 -22.828272
probe 28992 -18.953339
probe 29184 -20.094383
probe 29376 -23.066397
probe 29568 -23.575731
probe 29760 -19.904114
probe 29952 -22.450275
probe 30144 -22.201073
probe 30336 -21.039055
probe 30528 -16.908207
probe 30720 -24.797617
probe 30912 -22.425762
probe 31104 -23.878981
probe 31296 -19.100372
probe 31488 -17.049904
probe 31680 -20.975157
probe 31872 -20.021852
probe 32064 -18.678156
probe 32256 -23.053776
probe 32448 -20.335197
probe 32640 -23.813099
probe 32832 -22.239487
probe 33024 -15.516540
probe 33216 -14.743483
probe 33408 -23.474844
probe 33600 -20.250471
probe 33792 -16.689962
probe 33984 -17.748049
probe 34176 -26.254454
probe 34368 -22.460094
probe 34560 -19.791336
probe 34752 -23.009043
probe 34944 -18.151485
probe 35136 -17.211634
probe 35328 -21.785568
probe 35520 -23.156580
probe 35712 -15.001543
probe 35904 -18.638828
probe 36096 -14.233113
probe 36288 -26.195013
probe 36480 -17.374828
probe 36672 -19.807684
probe 36864 -20.409735
probe 37056 -22.368679
probe 37248 -17.658304
probe 37440 -27.808746
probe 37632 -22.248507
probe 37824 -19.022505
probe 38016 -21.490139
probe 38208 -19.586517
probe 38400 -17.881189
probe 38592 -21.845818
probe 38784 -18.451027
probe 38976 -22.439096
probe 39168 -17.670980
probe 39360 -18.165411
probe 39552 -23.161047
probe 39744 -21.629898
probe 39936 -22.997416
probe 40128 -25.286039
probe 40320 -28.460506
probe 40512 -17.313494
probe 40704 -18.536987
probe 40896 -20.907936
probe 41088 -22.318010
probe 41280 -21.161982
probe 41472 -15.099426
probe 41664 -23.433815
probe 41856 -21.509501
probe 42048 -18.925608
probe 42240 -24.589094
probe 42432 -20.040030
probe 42624 -20.776417
probe 42816 -22.265066
probe 43008 -20.791243
probe 43200 -21.831839
probe 43392 -16.968496
probe 43584 -15.890238
probe 43776 -23.205681
probe 43968 -20.667131
probe 44160 -16.910326
probe 44352 -23.008663
probe 44544 -20.538845
probe 44736 -19.496220
probe 44928 -22.181166
probe 45120 -13.487166
probe 45312 -22.241930
probe 45504 -13.172405
probe 45696 -25.189468
probe 45888 -23.564350
probe 46080 -25.594353
probe 46272 -22.192263
probe 46464 -18.437883
probe 46656 -21.385597
probe 46848 -18.908831
probe 47040 -20.924707
probe 47232 -26.576021
probe 47424 -21.637228
probe 47616 -22.458120
probe 47808 -25.185635
probe 48000 -25.328657
probe 48192 -23.231577
probe 48384 -17.311993
probe 48576 -21.706717
probe 48768 -22.954813
probe 48960 -23.740999
