# molla logit reference. Written by scripts/gen-logits.py.
# Every number below came out of llama.cpp reading this exact file.
oracle llama.cpp b10470 34af94cd9
backend default
name smollm2-f16-capital
model SmolLM2-135M-Instruct-Q8_0-f16.gguf
bytes 270886240
layers 30
width 576
vocab 49152
prompt The capital of France is
tokens 504 3575 282 4649 314
layer 0 5 -7.909489 -0.0578 0.0116 -0.0665 0.1433 0.0973 -0.0447
layer 1 5 -64.649696 2.0364 -0.7006 -0.9184 -0.2592 -0.4541 0.0162
layer 2 5 56.098587 2.1512 0.6767 -1.9439 -0.0908 -0.7417 0.0191
layer 3 5 392.794403 1.8983 0.8526 -1.8543 -0.0581 -1.6392 0.8520
layer 4 5 400.804260 2.1432 -0.2723 -2.5200 0.6871 -2.1303 -0.5547
layer 5 5 436.914612 1.6363 -0.6203 -2.5378 1.2460 -3.1422 -0.9106
layer 6 5 354.856995 2.5266 -0.5993 -2.4218 0.1173 -2.6242 0.4080
layer 7 5 279.678070 2.7223 -0.1899 -2.2929 0.0945 -2.8049 -0.2003
layer 8 5 183.825958 2.6637 -0.7010 -2.9057 -0.8676 -2.0461 -0.9738
layer 9 5 48.650795 2.9117 -0.1872 -3.8532 -0.0477 -2.6215 -0.9036
layer 10 5 -162.374786 3.9716 -0.4465 -4.0673 -0.8434 -3.2583 -1.3632
layer 11 5 -149.122147 4.8205 0.7339 -3.8514 -0.7106 -1.9556 -1.0695
layer 12 5 25312.089844 5.0560 -0.0423 -6.0501 1.7816 0.4128 -0.3385
layer 13 5 25286.980469 4.8107 -1.7769 -9.5568 2.4210 0.1557 -1.5380
layer 14 5 25306.917969 5.2028 -1.2647 -9.2965 2.7414 -1.6780 -1.4915
layer 15 5 25326.365234 4.4852 -4.8692 -9.9498 6.0614 1.3626 -1.0528
layer 16 5 25352.462891 5.4704 -3.5309 -9.5707 6.0444 1.0617 -0.8790
layer 17 5 25390.771484 4.4878 -1.9592 -9.0768 5.9371 -2.2038 -1.7471
layer 18 5 25205.876953 5.7971 -2.4656 -8.9951 6.8188 -2.8277 -0.9587
layer 19 5 25342.642578 6.4001 -3.3196 -10.3864 5.5422 -2.3560 -0.7705
layer 20 5 25263.517578 6.2132 -3.4098 -9.7632 4.3468 0.4166 1.6689
layer 21 5 25156.791016 4.0770 -4.9456 -9.4738 3.9737 -0.3135 4.7580
layer 22 5 25308.072266 1.5321 -9.9730 -10.5204 1.5231 -3.6916 8.0224
layer 23 5 26046.361328 -1.5918 -12.7371 -9.1759 -0.8361 -4.0594 9.8689
layer 24 5 25843.732422 -5.2903 -22.9867 -9.6510 -1.4306 -9.2681 10.4960
layer 25 5 26819.923828 -5.9510 -26.6751 -5.1477 5.0838 -2.6547 13.9630
layer 26 5 27084.728516 -9.8831 -26.6241 -7.6043 -1.5103 3.3720 14.7643
layer 27 5 27659.906250 -3.4657 -34.1054 -8.3365 -4.1156 2.1632 15.1940
layer 28 5 28717.519531 -10.5744 -38.6440 -5.0736 -10.8106 -7.4531 16.8103
layer 29 5 14462.861328 1.8150 -37.0116 -3.8584 -11.6990 -2.4531 16.0471
layer 30 1 1284.343750 -1.6937 -27.0289 -9.7850 -10.2832 -7.9947 -12.6132
layer 31 1 59.562340 -0.1109 -1.8321 -0.6490 -0.7210 -0.5721 -0.9320
top 7042 -0.758130
top 260 -1.331366
top 3807 -2.415039
top 1217 -4.186243
top 2250 -4.277112
top 253 -4.718220
top 13010 -4.952322
top 1343 -5.026803
top 5145 -5.230441
top 3692 -5.395027
top 625 -5.442694
top 441 -5.447915
top 10757 -5.653201
top 4206 -5.766030
top 37628 -5.871013
top 15342 -5.896863
top 678 -5.931515
top 597 -5.991094
top 5549 -6.002546
top 1280 -6.077010
top 6483 -6.218012
top 216 -6.235978
top 1129 -6.389052
top 3431 -6.443903
top 3365 -6.449255
top 450 -6.516476
top 3178 -6.693732
top 34826 -6.770203
top 378 -6.793035
top 414 -6.797513
top 198 -6.804171
top 942 -6.825195
top 36702 -6.868884
top 476 -6.911141
top 28 -6.919395
top 3575 -6.928338
top 426 -6.980204
top 281 -6.998908
top 1315 -7.029742
top 38034 -7.085719
top 1036 -7.091891
top 10000 -7.148105
top 6392 -7.185079
top 5991 -7.206268
top 418 -7.282826
top 6660 -7.368491
top 2473 -7.416733
top 933 -7.447192
top 3408 -7.463812
top 5763 -7.467440
top 389 -7.479100
top 7709 -7.515335
top 4528 -7.539147
top 1268 -7.545931
top 1062 -7.570259
top 340 -7.628807
top 2026 -7.681648
top 312 -7.683422
top 2221 -7.702187
top 9543 -7.702351
top 2007 -7.716292
top 27713 -7.720153
top 4649 -7.720219
top 4248 -7.727850
probe 0 -14.544974
probe 192 -22.663187
probe 384 -13.977428
probe 576 -22.000740
probe 768 -12.215613
probe 960 -20.832754
probe 1152 -17.448820
probe 1344 -19.827875
probe 1536 -19.516455
probe 1728 -18.538214
probe 1920 -19.566303
probe 2112 -16.252129
probe 2304 -12.624393
probe 2496 -17.683001
probe 2688 -14.433324
probe 2880 -19.041052
probe 3072 -25.364822
probe 3264 -14.132010
probe 3456 -17.035088
probe 3648 -23.698551
probe 3840 -20.215813
probe 4032 -20.224775
probe 4224 -21.862289
probe 4416 -20.240595
probe 4608 -15.782730
probe 4800 -24.149227
probe 4992 -19.202097
probe 5184 -15.261523
probe 5376 -15.902411
probe 5568 -16.665598
probe 5760 -16.053493
probe 5952 -19.114416
probe 6144 -19.265625
probe 6336 -23.861792
probe 6528 -15.457294
probe 6720 -17.674608
probe 6912 -7.731211
probe 7104 -16.964046
probe 7296 -12.346828
probe 7488 -16.630312
probe 7680 -16.149370
probe 7872 -20.505587
probe 8064 -16.020983
probe 8256 -30.349840
probe 8448 -22.706938
probe 8640 -20.727465
probe 8832 -21.283216
probe 9024 -18.497686
probe 9216 -16.475542
probe 9408 -17.688204
probe 9600 -23.362167
probe 9792 -20.399759
probe 9984 -16.279461
probe 10176 -13.765765
probe 10368 -22.928923
probe 10560 -16.123722
probe 10752 -16.824507
probe 10944 -19.467413
probe 11136 -20.925150
probe 11328 -15.605152
probe 11520 -19.467360
probe 11712 -16.439981
probe 11904 -16.265226
probe 12096 -20.031384
probe 12288 -14.664683
probe 12480 -19.234070
probe 12672 -27.610710
probe 12864 -29.849745
probe 13056 -20.742455
probe 13248 -23.365652
probe 13440 -18.067657
probe 13632 -18.976240
probe 13824 -13.890533
probe 14016 -16.983053
probe 14208 -20.429148
probe 14400 -16.154451
probe 14592 -19.488312
probe 14784 -18.230379
probe 14976 -12.142357
probe 15168 -15.903969
probe 15360 -16.178928
probe 15552 -15.098645
probe 15744 -18.935793
probe 15936 -16.748465
probe 16128 -18.207243
probe 16320 -12.823997
probe 16512 -20.401623
probe 16704 -18.044712
probe 16896 -20.041945
probe 17088 -21.484318
probe 17280 -16.080809
probe 17472 -18.640631
probe 17664 -19.246172
probe 17856 -22.641121
probe 18048 -20.118704
probe 18240 -22.778984
probe 18432 -24.916395
probe 18624 -19.809799
probe 18816 -17.163778
probe 19008 -19.416758
probe 19200 -17.881369
probe 19392 -25.195988
probe 19584 -21.246185
probe 19776 -20.896332
probe 19968 -16.315111
probe 20160 -22.589844
probe 20352 -23.819880
probe 20544 -18.986166
probe 20736 -24.260756
probe 20928 -19.557800
probe 21120 -20.809141
probe 21312 -17.694414
probe 21504 -25.641104
probe 21696 -18.223822
probe 21888 -20.778181
probe 22080 -15.768250
probe 22272 -22.224232
probe 22464 -25.292923
probe 22656 -19.915215
probe 22848 -14.813123
probe 23040 -14.432170
probe 23232 -27.497391
probe 23424 -14.738418
probe 23616 -18.449492
probe 23808 -14.160016
probe 24000 -15.302162
probe 24192 -27.104961
probe 24384 -22.076630
probe 24576 -19.802372
probe 24768 -26.038628
probe 24960 -21.822933
probe 25152 -17.823526
probe 25344 -13.505309
probe 25536 -25.236042
probe 25728 -22.876213
probe 25920 -22.132343
probe 26112 -21.360970
probe 26304 -22.494770
probe 26496 -20.520512
probe 26688 -18.192217
probe 26880 -23.189661
probe 27072 -29.614792
probe 27264 -19.322603
probe 27456 -13.512802
probe 27648 -15.881212
probe 27840 -22.312860
probe 28032 -22.991177
probe 28224 -24.110275
probe 28416 -16.493923
probe 28608 -16.429319
probe 28800 -22.394037
probe 28992 -19.433416
probe 29184 -20.437714
probe 29376 -23.294573
probe 29568 -24.506413
probe 29760 -20.252953
probe 29952 -22.934509
probe 30144 -22.506620
probe 30336 -21.477537
probe 30528 -17.010876
probe 30720 -26.063894
probe 30912 -20.866545
probe 31104 -24.027685
probe 31296 -20.068714
probe 31488 -18.009109
probe 31680 -21.619003
probe 31872 -19.608995
probe 32064 -19.980080
probe 32256 -24.749393
probe 32448 -20.423500
probe 32640 -24.098988
probe 32832 -23.713528
probe 33024 -16.199543
probe 33216 -14.893662
probe 33408 -23.956734
probe 33600 -20.460960
probe 33792 -18.361221
probe 33984 -18.317343
probe 34176 -27.705093
probe 34368 -22.417492
probe 34560 -20.589893
probe 34752 -22.704790
probe 34944 -19.387022
probe 35136 -17.478519
probe 35328 -22.135944
probe 35520 -23.813854
probe 35712 -14.913759
probe 35904 -18.631929
probe 36096 -14.280212
probe 36288 -27.882355
probe 36480 -19.263420
probe 36672 -19.321823
probe 36864 -20.352488
probe 37056 -22.202728
probe 37248 -17.771067
probe 37440 -27.854691
probe 37632 -21.768538
probe 37824 -19.070141
probe 38016 -23.059561
probe 38208 -20.504410
probe 38400 -18.744753
probe 38592 -22.999273
probe 38784 -18.055719
probe 38976 -22.220480
probe 39168 -18.291777
probe 39360 -18.004707
probe 39552 -23.038889
probe 39744 -21.246855
probe 39936 -23.110920
probe 40128 -25.569416
probe 40320 -28.542328
probe 40512 -16.814943
probe 40704 -18.698723
probe 40896 -21.866196
probe 41088 -22.083927
probe 41280 -21.213129
probe 41472 -14.366029
probe 41664 -24.885056
probe 41856 -22.039850
probe 42048 -20.766911
probe 42240 -23.741158
probe 42432 -20.384180
probe 42624 -20.738388
probe 42816 -21.956242
probe 43008 -20.887342
probe 43200 -22.806368
probe 43392 -17.367489
probe 43584 -16.333004
probe 43776 -22.916580
probe 43968 -19.633636
probe 44160 -17.564800
probe 44352 -23.789227
probe 44544 -20.668343
probe 44736 -19.854670
probe 44928 -21.905224
probe 45120 -13.484221
probe 45312 -22.564865
probe 45504 -13.360753
probe 45696 -25.759674
probe 45888 -23.922934
probe 46080 -26.019653
probe 46272 -22.769730
probe 46464 -18.519207
probe 46656 -22.699112
probe 46848 -19.464321
probe 47040 -20.852381
probe 47232 -26.779671
probe 47424 -23.612186
probe 47616 -22.094479
probe 47808 -25.049580
probe 48000 -25.607285
probe 48192 -23.864473
probe 48384 -16.994558
probe 48576 -22.392307
probe 48768 -22.788366
probe 48960 -23.722488
